Hour,Best_Action,Best_Bill
0,-0.17158334,0.0
1,-0.14221667,0.0
2,0.3909899,0.03504084423184395
3,0.30368543,0.06582064554095268
4,-0.17041667,0.06582064554095268
5,0.35278964,0.09804372116923332
6,-0.3588,0.09804372116923332
7,-0.67976665,0.09804372116923332
8,-0.09882367,0.10432414803653955
9,0.16069975,0.004603647626936436
10,-0.14311667,-0.3164956336840987
11,-0.16946666,-0.7556770211085677
12,0.20005947,-0.9621187662705779
13,-0.14275,-1.184829524718225
14,0.2871417,-1.2689785426482558
15,-0.080374576,-1.320585641078651
16,0.52498066,-1.3318384122103453
17,-0.19691667,-1.385407431051135
18,-1.1549557,-1.0902210008352995
19,-1.0760525,-0.919983996078372
20,-0.42915,-0.919983996078372
21,0.1826644,-0.8902531452476978
22,0.20007037,-0.8630439043045044
23,-0.11488796,-0.8617225383641198
24,0.620494,-0.8103003447176889
25,0.23446721,-0.784123728168197
26,0.88017356,-0.7164918651105836
27,1.0357838,-0.6400930081726983
28,0.4153421,-0.6028279383899644
29,0.17625189,-0.5804353171261027
30,-0.3793,-0.5804353171261027
31,-0.66791666,-0.5804353171261027
32,-0.38153332,-0.691933695343323
33,-0.25073335,-0.9605944791110232
34,-0.45943335,-1.3294498064788058
35,-0.26566666,-1.7625937500270084
36,-0.6889667,-2.224735710886307
37,-0.40223333,-2.6877198555739596
38,-0.36135,-3.1367114522727206
39,-0.38253334,-3.5097589233191684
40,-0.29855,-3.8143811562331393
41,-0.5541,-3.983432907727547
42,-1.0225348,-3.9802891752915457
43,0.0,-3.942490591784008
44,0.1957584,-3.8258757210569456
45,-0.18533048,-3.7824035353260115
46,0.0,-3.768793618422933
47,0.0,-3.758479202282615
48,0.7457189,-3.700548889231868
49,-0.1659,-3.700548889231868
50,1.6111085,-3.5766442586900666
51,1.1375651,-3.4915669505717233
52,0.057518482,-3.4682329167844728
53,-0.15214434,-3.465145048801787
54,-0.16938314,-3.4439572031842545
55,-0.55293715,-3.440046618808992
56,-0.70618397,-3.537481728126295
57,0.16366503,-3.7165211170213297
58,-0.33251667,-4.091282996465452
59,-0.4450316,-4.224398243357427
60,-0.04958889,-4.294563832809217
61,-1.7383159,-4.751789721776731
62,-0.027218014,-5.150547626544721
63,-0.27316666,-5.542256209184416
64,-0.46145,-5.8443315654294565
65,-0.46568334,-6.011862325598486
66,0.70967317,-5.9279674916761
67,0.4888721,-5.843458476592787
68,0.20042425,-5.792777485330589
69,0.038325883,-5.758792719920166
70,-0.1857,-5.758792719920166
71,-0.29908332,-5.758792719920166
72,0.7544266,-5.696561078657396
73,-0.24175,-5.696561078657396
74,0.6549265,-5.643991693039425
75,0.5671084,-5.589334818650968
76,-0.2871,-5.589334818650968
77,-0.3021,-5.589334818650968
78,0.6173301,-5.526571030844934
79,-0.35745853,-5.468960757483728
80,0.068045184,-5.381207789410837
81,-0.63495,-5.389244874124415
82,-0.19986196,-5.401192242396064
83,-0.6915,-5.430166423437186
84,-0.45373333,-5.457063842681237
85,-0.44325,-5.52440263715107
86,-0.38848335,-5.5642985181184486
87,-0.48206025,-5.603458050754853
88,-0.47116667,-5.6101265588076785
89,-0.32306254,-5.59695021819789
90,-0.049054377,-5.3323479742975906
91,-0.1107643,-5.095002502319403
92,0.0,-4.841249019023962
93,0.056219265,-4.805017851409502
94,0.1364989,-4.783978505176492
95,-0.14701666,-4.783978505176492
96,-0.10870655,-4.780224097543396
97,-0.27031666,-4.780224097543396
98,0.3952306,-4.743830779218115
99,-0.25953335,-4.743830779218115
100,0.41665843,-4.699189314269461
101,0.4040623,-4.65242751466576
102,-0.38348332,-4.65242751466576
103,-0.0789817,-4.553383296006359
104,0.70496947,-4.360320573323406
105,-0.43457362,-4.345300619141199
106,-0.59183323,-4.399197869584896
107,-0.22261718,-4.605880983755924
108,-0.19467969,-4.7401154866674915
109,0.7977788,-4.7816116666654125
110,-0.31041667,-5.140080229029991
111,-0.03402216,-5.403044269070961
112,0.04771153,-5.415329610579647
113,-0.2701364,-5.4918391682440415
114,-0.15415135,-5.217547742300667
115,0.10518233,-4.949992654495873
116,-1.2771542,-4.815086526446976
117,-0.45848334,-4.815086526446976
118,-0.18698333,-4.815086526446976
119,-0.15863334,-4.815086526446976
120,-0.17183334,-4.815086526446976
121,-0.16831666,-4.815086526446976
122,-0.15996666,-4.815086526446976
123,-0.2178,-4.815086526446976
124,-0.18928333,-4.815086526446976
125,-0.27905,-4.815086526446976
126,-0.37893334,-4.815086526446976
127,-0.9059167,-4.815086526446976
128,-0.59372246,-4.811246545868926
129,0.0,-5.018262566882186
130,0.0,-5.053786096978001
131,0.0,-5.080538503709249
132,0.6525173,-5.055464645731263
133,-0.15913333,-5.204732334124856
134,0.13715065,-5.232644772040658
135,0.80579495,-5.159238805877976
136,0.8684653,-5.117282481747679
137,-0.19538334,-5.120584471733309
138,-0.56771666,-5.120584471733309
139,1.0634689,-5.03237607202027
140,-1.4062686,-4.980162790627219
141,-0.10871277,-4.7371979566523805
142,-0.3903955,-4.53797807416413
143,0.25933456,-4.508955496014096
144,1.8124118,-4.380881982506253
145,-0.14203334,-4.380881982506253
146,0.24645868,-4.35512841923628
147,0.017444745,-4.3433453446486965
148,-0.034462422,-4.334996902034618
149,0.5804988,-4.279330980614759
150,0.41182774,-4.229321431950666
151,0.25715226,-4.1068735314765945
152,0.23140049,-4.018577356473543
153,0.012209892,-4.012713558156975
154,-0.10325676,-4.126242070575245
155,0.1105814,-4.197527668555267
156,0.0061688423,-4.3492293424205855
157,-0.06394908,-4.452192745287903
158,0.06890297,-4.546571924467571
159,-0.11793977,-4.711792900343426
160,-0.16135,-4.994060292025097
161,0.29935408,-5.102201848407276
162,-1.6618984,-5.0443218416767195
163,-0.40829986,-4.826656348188408
164,-0.2213114,-4.815191089292057
165,1.1848575,-4.709472446818836
166,0.8537167,-4.636071196873672
167,0.024145491,-4.624762573395856
168,-0.16225,-4.624762573395856
169,-0.16933334,-4.624762573395856
170,-0.009467721,-4.614421141450293
171,-0.1692,-4.614421141450293
172,-0.033768564,-4.6065042653353885
173,-0.14591667,-4.6065042653353885
174,-0.20823246,-4.593971125897951
175,-0.3984927,-4.541352763888426
176,-0.30951092,-4.63532836001832
177,-0.20165,-4.891311563667841
178,-0.15276666,-5.243043400463648
179,-0.026205495,-5.645835109171458
180,-0.15081666,-6.087308503803797
181,-0.16091667,-6.527973361429758
182,-0.16068333,-6.951773114618845
183,-0.16078334,-7.32307336491067
184,-0.14823334,-7.6104648486943915
185,-0.17206353,-7.759871117887087
186,-0.093436964,-7.703071996686049
187,0.06599981,-7.450534030911513
188,0.051779814,-7.197025612113066
189,-0.11061065,-7.151812303927727
190,1.2748259,-7.056312624481507
191,-0.17295,-7.056312624481507
192,0.03606738,-7.043004912440665
193,-0.15408333,-7.043004912440665
194,-0.14471667,-7.043004912440665
195,0.56420577,-6.996056121890433
196,0.85323167,-6.929796320502646
197,-0.16325,-6.929796320502646
198,-0.26513606,-6.920663998578675
199,-0.6622,-6.920663998578675
200,-0.24540618,-6.897884645615704
201,-0.47791666,-6.944998164777644
202,-0.34665,-7.2964887219714
203,-0.37321666,-7.703433861141093
204,-0.65315,-8.15711962163914
205,-0.3316775,-8.598786761169322
206,-0.3468,-9.030066807870753
207,0.53751194,-9.318738539819606
208,-0.45268333,-9.613260110025294
209,0.3939774,-9.706209336523898
210,0.769048,-9.62187088758219
211,-0.73356664,-9.62187088758219
212,-0.50736666,-9.62187088758219
213,-0.016775047,-9.584456351702102
214,0.49661547,-9.473686684970744
215,-0.37195,-9.473686684970744
216,-0.1543,-9.473686684970744
217,0.37160382,-9.439983938937075
218,0.08969296,-9.424436397035606
219,0.27286723,-9.389595276792534
220,0.2430023,-9.363051296328194
221,0.02972701,-9.342269041691907
222,0.57580405,-9.273907193099149
223,0.5135112,-9.205648885224946
224,-0.19629861,-9.271633901749738
225,-0.18002066,-9.487228029523976
226,0.5649961,-9.749370300327428
227,-1.3289782,-9.985169717227109
228,-1.6550707,-10.18950269476045
229,0.2088694,-10.350494944606908
230,-0.43577778,-10.730173551593907
231,-0.22441506,-11.09831281856168
232,-0.51998335,-11.394190364633687
233,0.50803006,-11.474872210179456
234,0.5251716,-11.384243474458344
235,-0.3888506,-11.375317929429002
236,0.37278554,-11.314313119393773
237,-0.07948621,-11.284262724337168
238,-0.054202903,-11.267797330510803
239,-0.2213,-11.267797330510803
240,-0.1591,-11.267797330510803
241,-0.14408334,-11.267797330510803
242,0.12702209,-11.24272539478261
243,-0.1665,-11.24272539478261
244,-0.28723332,-11.24272539478261
245,0.041719675,-11.221892701578327
246,-0.36123332,-11.221892701578327
247,-0.79223335,-11.221892701578327
248,-0.26553902,-11.19223751325626
249,0.051877394,-11.393986838054843
250,-0.17951211,-11.768067943048663
251,-0.31353334,-12.207864241790958
252,0.3183847,-12.571386652183719
253,-0.19975293,-13.00810019869823
254,-0.5798,-13.446518259239383
255,-0.072432555,-13.786541687441058
256,0.0,-14.008571328711696
257,0.0,-14.1242853050353
258,1.3909984,-13.578045332920738
259,0.5486684,-13.287633890402503
260,-1.1592607,-13.158461177838035
261,-0.42688334,-13.158461177838035
262,-0.17049804,-13.155603217775933
263,0.0,-13.14410255185794
264,1.0519599,-13.064320915262215
265,-0.15875,-13.064320915262215
266,-0.051053543,-13.051316812518053
267,0.10562669,-13.032838828745298
268,0.74213225,-12.966708980384283
269,0.5658256,-12.910559236886911
270,-0.2555224,-12.90364144265186
271,-0.026637403,-12.813710379297845
272,0.88408107,-12.717159497435205
273,-0.036631625,-12.793117950554006
274,-0.30575368,-12.890389333362691
275,0.90315676,-13.048455084557645
276,-0.39859605,-13.228551651234739
277,-0.4139061,-13.49743511795532
278,0.052215494,-13.56470261036884
279,-0.3109437,-13.938932786579244
280,-0.24701667,-14.244070480461232
281,0.21048827,-14.336861225659959
282,-1.7121184,-14.26195586740505
283,-0.23189901,-14.029812644119374
284,-0.73684514,-13.929866160149686
285,0.31933162,-13.847539442474954
286,-0.22130895,-13.798969860072248
287,-0.18003333,-13.798969860072248
288,0.016142517,-13.787346179480664
289,-0.12126616,-13.784099396434613
290,-0.17156667,-13.784099396434613
291,0.776226,-13.723195962724276
292,-0.14556667,-13.723195962724276
293,0.6761205,-13.668929379549809
294,-0.56365,-13.668929379549809
295,0.079009295,-13.56703075405676
296,-0.105577774,-13.474768731859513
297,-0.3172266,-13.515506550786085
298,-0.28653267,-13.66088260721881
299,-0.17643334,-14.068742945906706
300,-0.14617048,-14.510217622038908
301,-0.16423333,-14.955806896206923
302,-0.16985,-15.380447849747725
303,0.50506145,-15.695336744305678
304,-0.14036667,-15.99107868981082
305,-0.21803333,-16.161956817028113
306,0.021092147,-16.079636044916697
307,-0.062035426,-16.064453265746124
308,0.568625,-16.01197172619868
309,-0.12555481,-16.006804539007135
310,-1.0725495,-15.954707006108947
311,-1.3724815,-15.810646304977126
312,0.17333385,-15.68538586248178
313,0.14863983,-15.66481944185216
314,0.76278543,-15.60430539038498
315,0.47721216,-15.562633101013489
316,1.0788286,-15.483095083502121
317,0.6944399,-15.4217855745228
318,-0.39161667,-15.4217855745228
319,-0.6466881,-15.417722800862975
320,0.4550606,-15.305403972161002
321,-0.2042232,-15.328251851839013
322,-0.15848333,-15.652588470024057
323,0.1908077,-16.013783378642984
324,-0.15413333,-16.161220355075784
325,-0.14243333,-16.57077593926806
326,0.22551051,-16.95592750434298
327,-0.16855,-17.331597192329355
328,-0.1675,-17.623666925472207
329,-0.20638333,-17.799536122125573
330,-1.7190351,-17.748034363728948
331,-1.9546202,-17.630120260757394
332,-0.003495723,-17.457117064041086
333,0.7965938,-17.374976968509145
334,-0.23311667,-17.374976968509145
335,-0.16591667,-17.374976968509145
336,0.5126769,-17.33224205498118
337,-0.13321984,-17.331379927927628
338,-0.16798334,-17.331379927927628
339,-0.28178334,-17.331379927927628
340,-0.16746667,-17.331379927927628
341,-0.2446,-17.331379927927628
342,-0.45091668,-17.331379927927628
343,-0.7538189,-17.302582228789106
344,-0.4688,-17.415795842418447
345,-0.2032,-17.67655454040505
346,-0.14205,-18.036272475728765
347,-0.14613333,-18.46448485017754
348,0.67307687,-18.840781340608373
349,-0.16548334,-19.30412624240853
350,0.08582981,-19.72205207706429
351,0.08195031,-20.087124774465337
352,-0.14426666,-20.388695994624868
353,0.20695317,-20.529674956807867
354,-1.0186045,-20.3193357384298
355,0.03212844,-20.03315625549294
356,-0.029882018,-19.908079931745306
357,0.1397323,-19.868352001765743
358,-0.13210568,-19.861726704752073
359,0.7583857,-19.80041855177842
360,-0.17431666,-19.80041855177842
361,-0.28275767,-19.800305300123
362,-0.015772706,-19.787661025962734
363,0.23833843,-19.75825469634583
364,-0.19926597,-19.753281068253273
365,-0.32565,-19.753281068253273
366,0.059666436,-19.724325752082223
367,-0.6217567,-19.71218418628996
368,0.06692612,-19.775896939645463
369,0.23164007,-19.96760021449154
370,-0.41901666,-20.32509149910038
371,-0.3296226,-20.729313033829385
372,-0.10090461,-21.146453130255395
373,0.064619586,-21.547558593760186
374,-0.14880323,-21.96870209575718
375,-0.49988332,-22.349969047318154
376,-0.45982468,-22.611528503904992
377,0.07485248,-22.70874298662966
378,0.16018347,-22.66015764624899
379,-0.27338752,-22.648797001886123
380,0.0,-22.613927751976007
381,0.0,-22.579698752808326
382,0.0,-22.56497517061507
383,0.5841338,-22.51760964301502
384,-0.16563334,-22.51760964301502
385,0.04954777,-22.50308662113821
386,-0.00026403554,-22.485097700926417
387,0.25649488,-22.45282661748206
388,-0.01244686,-22.436697747754806
389,-0.17683333,-22.436697747754806
390,0.20734994,-22.391222670870775
391,-0.22702223,-22.36350595039403
392,0.16095908,-22.39021066782152
393,0.65949154,-22.52081202921545
394,-0.14966293,-22.83054673132574
395,-1.0985321,-22.928400771888846
396,-1.8063095,-23.137284921678656
397,1.1514379,-23.201074743839854
398,-1.26305,-23.612620109888667
399,0.121983156,-23.87962436136877
400,-0.3385777,-24.138280058476084
401,-0.15198824,-24.281407097550982
402,0.72320783,-24.20955234226858
403,0.7580218,-24.133083844753855
404,-0.15968361,-24.11345061306929
405,0.1867021,-24.07014098038053
406,-0.19741666,-24.07014098038053
407,-0.18816666,-24.07014098038053
408,-0.15483333,-24.07014098038053
409,-0.14986667,-24.07014098038053
410,-0.16866666,-24.07014098038053
411,-0.16811667,-24.07014098038053
412,-0.16793333,-24.07014098038053
413,-0.1146609,-24.067013021754974
414,0.31171453,-24.02348916252231
415,-0.47885,-24.02348916252231
416,0.0117004365,-24.00552366507327
417,-0.37541667,-24.196155874255055
418,-0.26675,-24.51845711303031
419,-0.27536666,-24.66881343555724
420,-0.3152,-25.035456834557408
421,-0.29073334,-25.436245201351994
422,0.6820262,-25.492696488472575
423,-0.10545613,-25.62909577247774
424,0.43243885,-25.615089101913327
425,-0.40928334,-25.65771091190254
426,-0.93222046,-25.580916004451865
427,0.0,-25.324989335807913
428,0.35533008,-25.121755154999846
429,-0.30192512,-25.116616372215503
430,1.1899865,-25.024236004996055
431,-0.16135,-25.024236004996055
432,-0.15915,-25.024236004996055
433,-0.17606667,-25.024236004996055
434,-0.17041667,-25.024236004996055
435,-0.1495,-25.024236004996055
436,-0.14873333,-25.024236004996055
437,-0.16493334,-25.024236004996055
438,0.24165744,-24.983762189942354
439,-0.63305,-24.983762189942354
440,-0.64556664,-24.983762189942354
441,-0.30953333,-25.01355561074888
442,-0.45038334,-25.124625565680617
443,-0.17363334,-25.46037277785217
444,-0.07350927,-25.88972535935318
445,0.0,-25.960765095624083
446,0.0,-25.984317055168503
447,0.0,-26.03917426076805
448,0.9797586,-25.952415751489752
449,0.03592719,-25.927448485243076
450,-0.67405957,-25.68002014254307
451,0.10140382,-25.506642166721576
452,-0.3491388,-25.501540021235996
453,0.0,-25.473911772678548
454,0.0,-25.458531690026575
455,0.33252814,-25.424413525695854
456,-0.16256976,-25.42375072658615
457,0.15856019,-25.402693314557837
458,-0.13118973,-25.393131148150133
459,-0.14406666,-25.393131148150133
460,0.37268695,-25.351463746359514
461,-0.28165,-25.351463746359514
462,0.41137823,-25.30023974560754
463,-0.81351686,-25.298913169383013
464,-0.4283526,-25.297175511681417
465,-0.43211666,-25.316152900421002
466,-0.1553,-25.330819375776628
467,-0.09697208,-25.358889481016377
468,-0.16578333,-25.40800948623655
469,-0.16548334,-25.44474565792916
470,0.78375006,-25.409390268810967
471,-0.07924341,-25.452515983917692
472,0.44066054,-25.48045880902646
473,0.24065076,-25.43504752773879
474,-0.89257526,-25.25461125928996
475,1.106654,-24.92478800375102
476,-0.6022161,-24.79086414534686
477,-0.39696667,-24.79086414534686
478,0.22322625,-24.757129607685783
479,-0.16048333,-24.757129607685783
480,-0.1656,-24.757129607685783
481,0.8083766,-24.68738287497399
482,-0.28123334,-24.68738287497399
483,0.6120403,-24.630316758491972
484,-0.2551,-24.630316758491972
485,0.13371286,-24.60675017345784
486,-0.57063335,-24.60675017345784
487,-0.69988334,-24.60675017345784
488,-0.34295,-24.720676561781147
489,-0.18163334,-24.974115123935917
490,0.23823364,-25.272948106714466
491,0.05041042,-25.663674106785038
492,-0.15026666,-26.10700066942809
493,-0.16565,-26.551562359520176
494,0.16198525,-26.944682320543507
495,-0.14193334,-27.319925477691868
496,-0.14915,-27.609799882360676
497,-0.21178333,-27.784771477767208
498,-0.78776044,-27.603103449531773
499,0.4669305,-27.321487894245365
500,0.3883288,-27.05651461143134
501,-1.0967833,-27.05651461143134
502,-0.16986105,-27.05409516320651
503,-0.16621667,-27.05409516320651
504,0.047480002,-27.040273131067806
505,-0.15923333,-27.040273131067806
506,0.10040693,-27.02460659780627
507,0.0359124,-27.01242370923137
508,-0.0068285167,-26.996412813859934
509,0.0073173568,-26.98463151902979
510,-0.1417922,-26.961923263232165
511,-0.12167616,-26.8854525156421
512,-0.3889745,-26.973206735412532
513,-0.3134,-27.22617632822221
514,0.21974,-27.516860611001903
515,-0.17428334,-27.92693070248788
516,-0.108786985,-28.34066805915063
517,-0.1607,-28.782397127906734
518,-0.15111667,-29.185674763481074
519,-0.16075,-29.544354296485835
520,1.2492278,-29.57058274299925
521,-0.22445,-29.754549722383672
522,-2.0,-29.67681711466139
523,-0.42237478,-29.454784150431806
524,0.0,-29.291610325883084
525,0.0,-29.25698049665516
526,0.008142769,-29.24335913379764
527,-0.007095631,-29.225801266926283
528,0.09867011,-29.21023029388016
529,-0.26681668,-29.21023029388016
530,-0.231058,-29.209649064367113
531,0.005377906,-29.196038417307136
532,-0.14851746,-29.187547301662562
533,-0.26258335,-29.187547301662562
534,-0.20895664,-29.1846736497464
535,-0.49074656,-29.18187192526966
536,0.4160544,-29.15037453619152
537,0.3587628,-29.221678104971943
538,-0.16763727,-29.509745833252964
539,0.28230247,-29.843034592246113
540,-0.76016665,-30.128890868996677
541,0.025846388,-30.479419586037693
542,-0.122435264,-30.8500540822497
543,-0.32823333,-31.214856323575077
544,-0.12524591,-31.328599144493637
545,-0.51098335,-31.51178887931019
546,0.015469783,-31.46448167858034
547,0.43643868,-31.3936074942103
548,-0.50231665,-31.3936074942103
549,-0.40069804,-31.38936395037308
550,0.0,-31.375846117058245
551,0.0,-31.366037616760877
552,0.18220606,-31.334321556867508
553,-0.21741667,-31.334321556867508
554,-0.152,-31.334321556867508
555,-0.15885,-31.334321556867508
556,-0.17466667,-31.334321556867508
557,0.6375681,-31.28156638357177
558,0.046366945,-31.260290783153323
559,0.23547539,-31.220293551938084
560,-0.43972,-31.311867244796304
561,-0.5725,-31.54461484427884
562,0.592977,-31.79243632431462
563,0.17952381,-31.808303796009568
564,-0.6965256,-32.027771316723374
565,-0.21752363,-32.442958168940095
566,-0.14294752,-32.83279430146649
567,-0.06416775,-33.164115749554185
568,-0.25126666,-33.43856682653859
569,0.20828822,-33.554195545868424
570,-0.75853336,-33.554195545868424
571,-0.20470387,-33.53065279710427
572,0.08836506,-33.498748736710695
573,0.8217634,-33.42097428652778
574,-0.030859645,-33.410503414714185
575,0.11145205,-33.39229786514625
576,0.19521022,-33.36936086721107
577,-0.15413333,-33.36936086721107
578,-0.1658,-33.36936086721107
579,0.2490445,-33.34189114093169
580,-0.15693334,-33.34189114093169
581,0.13326088,-33.32341418533906
582,0.04520449,-33.31010622742906
583,-0.1639633,-33.249079982073454
584,-0.2641275,-33.32853588673606
585,-0.25587505,-33.548416631550936
586,0.52746505,-33.792602675290254
587,-0.98359853,-34.143816309304384
588,-0.5243667,-34.57479720029369
589,0.12976727,-34.97895084533229
590,0.35048252,-35.344741689295915
591,0.27583662,-35.65776623997226
592,-0.21221387,-35.9336866012527
593,-0.40768334,-36.104612024755625
594,-0.32318383,-36.090373690494744
595,0.37290552,-35.899383853444306
596,0.7775881,-35.725701387294976
597,1.0087367,-35.63365792042896
598,-0.20563333,-35.63365792042896
599,-0.16406667,-35.63365792042896
600,1.2532743,-35.54141809351131
601,-0.15795,-35.54141809351131
602,-0.15756667,-35.54141809351131
603,0.6608955,-35.48825380138442
604,-0.15848333,-35.48825380138442
605,-0.15568334,-35.48825380138442
606,-0.27096668,-35.48825380138442
607,-0.52467793,-35.474390887909976
608,-0.33211723,-35.44099532558903
609,-0.32466668,-35.46474577977642
610,-0.18253334,-35.52591281875357
611,-0.15028334,-35.74492475136503
612,-0.15191667,-36.175965515220014
613,-0.15018333,-36.614384946668
614,-0.15416667,-37.03252002342924
615,-0.030198906,-37.39259862645849
616,0.111270145,-37.65437984212622
617,-0.20501667,-37.83069360002264
618,0.04967697,-37.684121635997144
619,-1.1715944,-37.493155611002294
620,1.1875422,-37.38468412055954
621,0.0794225,-37.35931857421383
622,0.21163231,-37.33067097633466
623,0.051597714,-37.317718792030064
624,-0.14883333,-37.317718792030064
625,-0.14676666,-37.317718792030064
626,0.112381235,-37.300888263875095
627,-0.1443778,-37.30075248702633
628,0.25478253,-37.27459870650637
629,-0.14458333,-37.27459870650637
630,-0.36215,-37.27459870650637
631,0.6361674,-37.09570120646822
632,0.41619426,-37.025850225232716
633,-0.21158333,-37.232532713554974
634,-0.088317424,-37.579299900673504
635,-0.15483333,-37.998369667671795
636,-0.1513,-38.44516712798941
637,0.25662774,-38.858061823986645
638,0.354562,-39.24195105209219
639,-0.14921667,-39.62635746970045
640,-0.14601667,-39.92609584703314
641,-0.14916667,-40.10999270155298
642,-0.7706042,-40.00720486416685
643,-1.0549967,-39.8096891678797
644,0.6466216,-39.55144930257666
645,-0.5419,-39.55144930257666
646,0.6531749,-39.49240276961791
647,-0.15371667,-39.49240276961791
648,-0.15198334,-39.49240276961791
649,0.28327757,-39.464260311789985
650,-0.14928333,-39.464260311789985
651,-0.27275,-39.464260311789985
652,0.28834593,-39.435592327259656
653,-0.1596013,-39.42831891262176
654,0.94384444,-39.32674593710544
655,-0.67251664,-39.32674593710544
656,-0.35055,-39.4436218463743
657,0.32632416,-39.63378703826311
658,0.5559039,-39.91287121408823
659,0.40094918,-40.2764231883848
660,-0.03915876,-40.7158371829355
661,0.38858008,-41.117407741483476
662,-0.14736667,-41.549524398978974
663,-0.14755,-41.93501481645944
664,-0.14723334,-42.2344834529722
665,-0.197,-42.41768600278738
666,-0.155285,-42.21201262110117
667,-0.5585341,-41.978875028427865
668,0.02056647,-41.89248462998512
669,-0.19825071,-41.88272817758116
670,-0.24048333,-41.88272817758116
671,-0.17268333,-41.88272817758116
672,-0.15915,-41.88272817758116
673,0.63652533,-41.831202119115915
674,-0.27863333,-41.831202119115915
675,-0.103909105,-41.828974294003274
676,0.4962056,-41.778081099029805
677,-0.1650628,-41.774991181671794
678,0.124157734,-41.72920793014782
679,-0.68745,-41.72920793014782
680,-0.41273335,-41.846321334123786
681,-0.31401667,-42.08554211723822
682,-0.1605,-42.42491755354422
683,-0.15603334,-42.83324766623991
684,-0.14101666,-43.28902283775824
685,0.2335226,-43.30340857523697
686,0.096818924,-43.30889867431688
687,-0.15401667,-43.33104692957568
688,-0.15443334,-43.35216532274353
689,-0.20396666,-43.36505392286199
690,-1.0427356,-43.1947852233352
691,-0.30044913,-42.93592594656366
692,-0.027588194,-42.80310960206407
693,1.3581849,-42.6920082503857
694,-0.1839,-42.6920082503857
695,-0.1463,-42.6920082503857
696,-0.13906667,-42.6920082503857
697,0.28666666,-42.66406908537465
698,0.046948567,-42.65078101213294
699,1.1563914,-42.56543765868264
700,0.7021482,-42.50936660821753
701,-0.28865,-42.50936660821753
702,0.32597274,-42.46527996937948
703,1.262486,-42.341147142455156
704,-0.60195,-42.455828699276026
705,-0.43373686,-42.687214839264925
706,1.1552405,-42.8874607710095
707,-0.23165,-43.29940846841055
708,-0.33678332,-43.74781969468313
709,0.07561987,-44.12335562984663
710,-0.41968334,-44.55890623013693
711,-0.6061,-44.94422316829878
712,0.6635996,-45.13680532853323
713,-0.21591699,-45.31177042703348
714,0.19174132,-45.27155224512535
715,-0.5554948,-45.26444199075195
716,-0.3951771,-45.25468400166574
717,-0.5559992,-45.24809728562104
718,-0.53706956,-45.191798806183215
719,-0.088079944,-45.17000516875851
720,0.19364783,-45.147265059866186
721,-0.1788,-45.147265059866186
722,-0.17955,-45.147265059866186
723,0.015876284,-45.128781683735724
724,-0.26055,-45.128781683735724
725,-0.23063333,-45.128781683735724
726,-0.46886668,-45.128781683735724
727,-0.56135046,-45.124812380403455
728,-0.44507435,-45.25025257560628
729,1.1032891,-45.345661052495416
730,-0.3954,-45.697192468673165
731,-0.7750132,-45.813018077045854
732,-0.7602951,-45.9657423430981
733,0.6413592,-46.29551633539813
734,-0.23728333,-46.7310176426472
735,0.04791997,-46.877821066409524
736,-0.30251667,-47.179973551064904
737,-0.0840447,-47.2708702394666
738,0.0,-47.202982076436456
739,0.0,-47.12818224820512
740,0.24814352,-47.07815975043195
741,0.30611202,-47.03652213606256
742,0.51247454,-46.99159254598635
743,0.85030246,-46.924283807158645
744,0.6551201,-46.87012234050053
745,-0.14563334,-46.87012234050053
746,-0.15123333,-46.87012234050053
747,1.4648583,-46.76362689304369
748,-0.17425,-46.76362689304369
749,-0.20908333,-46.76362689304369
750,0.18653256,-46.72464102599042
751,-0.5887782,-46.715101145200606
752,-0.1632205,-46.71016587083432
753,-0.4259,-46.89147905771824
754,0.42274034,-47.11078683798405
755,-0.30188334,-47.31263716285321
756,-0.12303269,-47.58188478415104
757,-0.20618722,-47.814251256633725
758,-0.18791667,-48.05712583427521
759,-0.25808334,-48.2735383785257
760,-0.030421995,-48.410736603189434
761,-0.22529955,-48.436222295735206
762,-0.67171186,-48.42648446046951
763,0.32363695,-48.38338380911591
764,-0.1555832,-48.365045134436514
765,0.17613605,-48.32558887497726
766,0.22463992,-48.29366477997246
767,-0.17363334,-48.29366477997246
768,0.076407954,-48.27865359698626
769,0.07567149,-48.2476807846615
770,0.9407972,-48.172297218341555
771,0.22577026,-48.14036682014557
772,-0.21821667,-48.14036682014557
773,2.0,-47.99683382873627
774,0.28082657,-47.939081770826306
775,-0.63091666,-47.939081770826306
776,-0.46096668,-47.95729668018612
777,-0.5888,-48.136802266810264
778,-0.68866664,-48.28598129329475
779,-1.3220667,-48.69005593237671
780,0.17244402,-49.061378295991744
781,0.0015765429,-49.45232912478241
782,-0.19073066,-49.86207314905914
783,-0.2044,-50.22934037027153
784,-0.43636668,-50.516088600728835
785,0.11638397,-50.62771575478109
786,-0.78929013,-50.470467257771816
787,-0.3608706,-50.209412354503
788,0.28504354,-49.95842071202787
789,-0.1293385,-49.93910413374397
790,-0.18443333,-49.93910413374397
791,-0.18046667,-49.93910413374397
792,-0.1439,-49.93910413374397
793,-0.15908334,-49.93910413374397
794,-0.17253333,-49.93910413374397
795,-0.17021666,-49.93910413374397
796,-0.14243333,-49.93910413374397
797,-0.15878333,-49.93910413374397
798,0.3790146,-49.883775183458056
799,-0.8053833,-49.883775183458056
800,-1.0211834,-50.0003261654565
801,-0.113825925,-50.20265805115196
802,0.19266355,-50.49605818976852
803,-0.33389977,-50.8933333991954
804,-0.34463367,-51.30730467428657
805,0.0,-51.60893740643951
806,0.24862027,-51.937047505278315
807,-0.23554926,-52.27758380164596
808,0.9643322,-52.426757761735644
809,-0.34433332,-52.59873040904495
810,-0.5523795,-52.59828989806556
811,0.0,-52.35440989437484
812,0.0,-52.102701744464866
813,0.05307688,-52.03302000316762
814,-0.049783032,-52.022519234036736
815,2.0,-51.882213491415314
816,-0.17005,-51.882213491415314
817,-0.15368333,-51.882213491415314
818,0.10834128,-51.866222975244455
819,-0.16303334,-51.866222975244455
820,-0.16793333,-51.866222975244455
821,-0.16621667,-51.866222975244455
822,-0.33329988,-51.850328299617104
823,-0.38705298,-51.77444409153395
824,-0.14718422,-51.860398854529194
825,-0.595,-52.09543904236489
826,-0.24678333,-52.42564227751427
827,0.28999212,-52.76470553449326
828,-0.23186667,-53.18169635108643
829,0.8752997,-53.49756511620217
830,-0.052437183,-53.887369300638966
831,-0.059497308,-54.2291167037838
832,-0.01746883,-54.48221760562592
833,-0.3896746,-54.65135155192547
834,-0.4646,-54.65135155192547
835,-0.12468447,-54.60315196162992
836,-0.3229771,-54.59438522293203
837,0.37359768,-54.54714337496989
838,-0.19866666,-54.54714337496989
839,-0.14451498,-54.54529726533656
840,-0.29265,-54.54529726533656
841,0.22996071,-54.51887732027535
842,0.38313577,-54.48284549667005
843,-0.15043333,-54.48284549667005
844,0.19947673,-54.460701510593935
845,0.07226277,-54.44511801498447
846,-0.20904212,-54.43072000267421
847,-0.38274547,-54.33521521958028
848,0.27857712,-54.392034785174474
849,-0.37536666,-54.623181821130856
850,0.40894973,-54.88445630791102
851,0.26644263,-55.225039125703915
852,-0.24966666,-55.6392923605672
853,-0.18911667,-56.05879375460063
854,0.06564711,-56.43348556878482
855,-0.17001666,-56.78663060190593
856,-0.15653333,-57.058571280264005
857,-0.1899,-57.22741416218196
858,-1.1287,-57.22741416218196
859,-0.93579006,-57.023666681074246
860,-0.3333144,-56.80141313495551
861,0.9487072,-56.70784407975589
862,-0.0478247,-56.69252085341577
863,-0.1405,-56.69252085341577
864,-0.16223334,-56.69252085341577
865,-0.1569885,-56.69160468951304
866,0.2775577,-56.662612021718815
867,-0.14098333,-56.662612021718815
868,-0.15366666,-56.662612021718815
869,-0.16951667,-56.662612021718815
870,-0.38321668,-56.662612021718815
871,-0.5805,-56.662612021718815
872,2.0,-56.50897835270007
873,-0.4247,-56.60633684024651
874,-0.2253,-56.94730917439301
875,-0.2332,-56.99196640477021
876,-0.22601667,-57.21281471178372
877,-0.095135696,-57.62591072246869
878,0.005748123,-58.00372796580632
879,-0.27790037,-58.35701733157475
880,-0.3078,-58.60597332641919
881,0.19814497,-58.73506880626519
882,0.8437624,-58.6477699063762
883,-0.116213225,-58.62087593488832
884,-0.38722327,-58.58286544569273
885,-0.5825946,-58.54550851025124
886,-0.31916666,-58.54550851025124
887,-0.1217556,-58.5412437913983
888,-0.1441,-58.5412437913983
889,0.00024330616,-58.530099976625934
890,1.1322353,-58.44536693748523
891,-0.16226667,-58.44536693748523
892,-0.1436,-58.44536693748523
893,1.3161049,-58.34942879137088
894,-0.29076666,-58.34942879137088
895,-0.27655,-58.34942879137088
896,-0.55635,-58.45760305580188
897,-0.00034781545,-58.66052531060268
898,-0.21518333,-58.99471404012729
899,-0.5465397,-59.11220810171653
900,-2.0,-59.35737595316459
901,0.76745564,-59.67502081748535
902,-0.21759552,-60.04776382800628
903,0.23955429,-60.33379987236549
904,-0.42856666,-60.60740825888206
905,-0.11193095,-60.752873707380786
906,-0.00655593,-60.69820584338595
907,0.107374206,-60.6514714395671
908,0.4995336,-60.59040067326714
909,0.03286265,-60.56807126645435
910,-0.028219923,-60.55765847936709
911,0.22162046,-60.53225190081139
912,-0.1429,-60.53225190081139
913,0.05877146,-60.51821375713189
914,-0.17121667,-60.51821375713189
915,0.27706367,-60.48908853605826
916,-0.14808333,-60.48908853605826
917,-0.14251667,-60.48908853605826
918,-0.16825,-60.48908853605826
919,-0.61731666,-60.48908853605826
920,-0.061751157,-60.49954954516579
921,-0.37023333,-60.73069924843003
922,0.0784587,-61.019481248971715
923,-0.031530917,-61.379168398496404
924,-0.26513332,-61.790857888576284
925,-0.000975132,-62.187025613900914
926,-0.16056667,-62.5848558021753
927,0.7416656,-62.846523470994725
928,-0.16871667,-63.1214546633928
929,-0.18951666,-63.290655813929334
930,-0.30301666,-63.311627643000975
931,-0.4032,-63.311627643000975
932,-0.27458963,-63.3047163866504
933,-0.23338333,-63.3047163866504
934,-0.1848,-63.3047163866504
935,-0.033234615,-63.29597397037287
936,-0.15168333,-63.29597397037287
937,1.5611407,-63.1854160789444
938,-0.16208333,-63.1854160789444
939,-0.16645,-63.1854160789444
940,-0.16726667,-63.1854160789444
941,0.43731534,-63.147361914445355
942,-0.35146666,-63.147361914445355
943,-0.6009833,-63.147361914445355
944,-0.52148336,-63.15686454605748
945,-0.27713335,-63.196978460815444
946,-0.27938333,-63.27780959364463
947,-0.13995157,-63.66010260936309
948,0.89608884,-63.954442743030086
949,-0.15138334,-64.35930821653892
950,-0.16496667,-64.4167459344535
951,-0.1663,-64.77437311765243
952,-0.1506,-65.0440772509246
953,-0.18278334,-65.19831680115749
954,-0.767846,-65.07029712554504
955,0.051775992,-64.81738913413574
956,-0.67584956,-64.7787736913233
957,1.134117,-64.68586375918676
958,1.533591,-64.57038751598884
959,2.0,-64.4289659446149
960,-0.14523333,-64.4289659446149
961,-0.15225,-64.4289659446149
962,0.55940735,-64.38123596813966
963,0.19645245,-64.35719339158823
964,0.41109717,-64.32058449443866
965,0.7772056,-64.26080471631576
966,1.5361909,-64.13584389891912
967,-0.4097841,-64.12952120257978
968,-0.27949628,-64.18205304099683
969,-0.24548334,-64.42705535544519
970,-0.06947619,-64.58863740815286
971,-0.15448333,-64.97985162986879
972,-0.16603333,-65.39464461459283
973,-0.16405,-65.8163865770257
974,-0.1908,-66.2154691780961
975,-0.19655,-66.57127144588594
976,-0.19081667,-66.8455052043355
977,-0.06532018,-66.99028373910551
978,0.07691327,-66.97014619810943
979,-0.47551668,-66.97014619810943
980,-0.55796665,-66.97014619810943
981,-0.36143333,-66.97014619810943
982,-0.21358334,-66.97014619810943
983,-0.23165,-66.97014619810943
984,-0.16416667,-66.97014619810943
985,0.46422595,-66.92954009799723
986,0.94907236,-66.85620240150456
987,0.2415289,-66.82961877463822
988,-0.14661667,-66.82961877463822
989,0.20896283,-66.80546285985474
990,0.4477968,-66.7510884071744
991,0.41468316,-66.61352464212541
992,-0.5247389,-66.63552148109738
993,-0.52825,-66.86652917629544
994,-0.2849224,-67.10100751584832
995,-0.39751667,-67.4914694077379
996,-0.3064,-67.90339964097802
997,-0.21996666,-68.32044699257676
998,-0.17353334,-68.72191297477548
999,0.7530265,-68.9850437588102
1000,-0.32218334,-69.2637312061197
1001,-0.39148334,-69.43288482195203
1002,-0.5744544,-69.33453686004941
1003,-0.94231296,-69.12571761971776
1004,-0.29584494,-68.88598104780976
1005,-0.6212974,-68.79348478680913
1006,-0.19108333,-68.79348478680913
1007,-0.08559132,-68.78748038951744
1008,-0.17575,-68.78748038951744
1009,0.28343475,-68.7581696303605
1010,0.11648013,-68.74132508766343
1011,-0.15858333,-68.74132508766343
1012,-0.17471667,-68.74132508766343
1013,-0.17236666,-68.74132508766343
1014,0.045787632,-68.72232855838229
1015,-0.23693633,-68.6356643511026
1016,-0.45911667,-68.7406924365132
1017,-0.113815285,-68.86431896668364
1018,0.09622803,-69.16702675801207
1019,0.024422243,-69.52570873480727
1020,-0.14535,-69.93053647857596
1021,-0.26341668,-70.33769276719977
1022,-0.2349,-70.72820633631636
1023,-0.34283334,-71.08725765329291
1024,-0.48616666,-71.35991802793433
1025,-0.49096668,-71.5313593594401
1026,1.1882701,-71.32389950734068
1027,-0.25265622,-71.30145107750286
1028,0.72057986,-71.21239372883429
1029,0.90628886,-71.12883154098381
1030,-0.17871666,-71.12883154098381
1031,0.061597377,-71.11455771122564
1032,-0.17656666,-71.11455771122564
1033,-0.17628333,-71.11455771122564
1034,-0.14775,-71.11455771122564
1035,-0.14691667,-71.11455771122564
1036,0.4782334,-71.06948454101075
1037,0.25734138,-71.03339060191502
1038,0.027333796,-71.02249873877008
1039,0.15792215,-70.9717377170964
1040,-0.38581666,-70.9775732176422
1041,-0.2451,-70.99996520001878
1042,-0.37976667,-71.06249091197242
1043,-0.25611666,-71.20170714129199
1044,-0.19574586,-71.31974549759616
1045,-0.13942988,-71.42121626604785
1046,-0.27185383,-71.51515597273101
1047,-0.32193333,-71.80535537172545
1048,-0.26216668,-71.94938947428454
1049,-0.13139512,-72.0854576842903
1050,-0.54726666,-72.09029336162348
1051,-0.079358555,-72.02844967209239
1052,0.0,-71.99925708845694
1053,0.0,-71.9765569221272
1054,0.0,-71.96416683942516
1055,0.0,-71.9547440063252
1056,-0.072383866,-71.94910854082991
1057,0.28482446,-71.9193662030666
1058,-0.17255,-71.9193662030666
1059,0.13350298,-71.90135667827417
1060,0.2062476,-71.87825800274004
1061,-0.029201232,-71.8690161656632
1062,0.33369407,-71.83619588502188
1063,-0.08148261,-71.8076326742812
1064,0.36543897,-71.73269516677101
1065,-1.2673925,-71.56888083070953
1066,-0.17796361,-71.3716772690459
1067,-0.39376742,-71.35319813602109
1068,0.27563435,-71.39867756404419
1069,-0.11838931,-71.65985936560173
1070,-0.7345,-71.7252989325716
1071,-0.38886666,-72.01720794178982
1072,-0.63733333,-72.26470178999443
1073,0.057675928,-72.36189948656101
1074,-0.3649821,-72.36113470326382
1075,0.106935486,-72.32680806423741
1076,-0.19052246,-72.31645827367174
1077,0.0,-72.30278335697221
1078,0.15566099,-72.28034789300727
1079,0.6622172,-72.22383686340618
1080,1.2037984,-72.12470113671588
1081,0.74955183,-72.06331285274791
1082,0.83880156,-71.99712000227737
1083,0.28796667,-71.96680833771097
1084,0.2764473,-71.93850101529824
1085,0.014462471,-71.92738953790831
1086,0.0013632774,-71.91338767576235
1087,0.0007081032,-71.8331878082754
1088,0.0006752014,-71.80123559477943
1089,-0.27456668,-71.80799008858594
1090,-0.26944867,-72.07836987030896
1091,0.17657834,-72.22431373548898
1092,0.40749216,-72.28390624699387
1093,-0.15,-72.34281869185361
1094,-0.14126667,-72.74723525298032
1095,-0.16291666,-73.08861671340856
1096,-0.05546898,-73.32099935365113
1097,-0.21526666,-73.47601224434766
1098,-0.16128355,-73.46535780512932
1099,-0.30762085,-73.42976515972259
1100,-0.3840413,-73.42455809422972
1101,-0.21635133,-73.40706884720566
1102,-0.04110267,-73.39128485554102
1103,0.23904237,-73.36445010126772
1104,-0.1654,-73.36445010126772
1105,-0.15232739,-73.36400879796565
1106,0.26095113,-73.33775305811287
1107,0.5585442,-73.29202918399096
1108,-0.16713333,-73.29202918399096
1109,-0.16405,-73.29202918399096
1110,-0.16446666,-73.29202918399096
1111,-0.42465,-73.29202918399096
1112,1.1094584,-73.12314843822242
1113,-0.26728332,-73.178169593848
1114,-0.15638334,-73.4993296718967
1115,-0.1618,-73.88601575855137
1116,-0.15821667,-74.30547626379848
1117,-0.14008333,-74.73393686179043
1118,0.55830723,-75.07761146191478
1119,-0.16303334,-75.44961546424747
1120,-0.16231667,-75.73820029262424
1121,-0.20875,-75.91299903456093
1122,-0.27045,-75.95650650251628
1123,-0.8697168,-75.763707858212
1124,-0.90208566,-75.58213917601825
1125,-0.6040427,-75.52962520409346
1126,0.7921263,-75.46197040814877
1127,0.56488574,-75.4161766736579
1128,-0.1638,-75.4161766736579
1129,-0.041412808,-75.40838075678766
1130,-0.16105,-75.40838075678766
1131,2.0,-75.26866542797507
1132,-0.13863334,-75.26866542797507
1133,0.47116703,-75.22826357435406
1134,0.68593204,-75.15168933074892
1135,-0.8289667,-75.15168933074892
1136,-0.84315,-75.26669710379065
1137,0.7361179,-75.40219261746824
1138,-0.16411667,-75.73948570590437
1139,-0.14151667,-76.13981395464361
1140,-0.14811666,-76.57081600528181
1141,-0.16393334,-76.99411537747801
1142,0.10982515,-77.384347404055
1143,-0.16416667,-77.75497853260458
1144,-0.14631666,-78.04670449595869
1145,-0.17894304,-78.2251416097206
1146,1.074722,-78.03360451262415
1147,-0.10067573,-77.99560393642605
1148,-0.5987167,-77.99560393642605
1149,-0.48273334,-77.99560393642605
1150,-0.21826667,-77.99560393642605
1151,-0.14415,-77.99560393642605
1152,-0.093514256,-77.99099419655249
1153,-0.16598333,-77.99099419655249
1154,0.4786509,-77.94914605857775
1155,-0.15258333,-77.94914605857775
1156,0.72225714,-77.88394517840788
1157,-0.16281667,-77.88394517840788
1158,-0.38675,-77.88394517840788
1159,-0.7028667,-77.88394517840788
1160,-0.39095,-78.00225320847676
1161,-0.18192953,-78.22619167359517
1162,-0.16661666,-78.56140822561429
1163,-0.0074667037,-78.93803862126515
1164,-0.14298333,-79.35554322989628
1165,-0.1599,-79.77879920991109
1166,-0.16496667,-80.18496027978108
1167,-0.16446666,-80.5409219899957
1168,0.21376544,-80.78326146693871
1169,-0.14511667,-80.95142099650548
1170,-0.11727686,-80.9589985261482
1171,-0.31816375,-80.86742308985413
1172,0.006855365,-80.60906073700608
1173,0.020792436,-80.45305148016632
1174,0.3919626,-80.40383699785889
1175,-0.16243333,-80.40383699785889
1176,-0.17031667,-80.40383699785889
1177,0.86478335,-80.33670608203829
1178,0.20541823,-80.31272314738453
1179,0.8594351,-80.24734061460913
1180,0.9837563,-80.17377320926607
1181,-0.27793333,-80.17377320926607
1182,-0.42358333,-80.17377320926607
1183,-0.66985,-80.17377320926607
1184,0.5290204,-80.18891831178189
1185,0.47076762,-80.35269365150452
1186,0.47940874,-80.62319714266778
1187,-0.15491667,-81.01693308789254
1188,-0.16186666,-81.43706712562562
1189,0.9892761,-81.74853975016595
1190,0.052467346,-82.13217977125169
1191,0.0032634735,-82.48169324237824
1192,0.0008029938,-82.60210076410294
1193,-0.17358333,-82.74442230600835
1194,-0.5693833,-82.7470411792674
1195,-0.65676665,-82.7470411792674
1196,-0.31311813,-82.73384952492052
1197,-0.2988145,-82.72762563538708
1198,-0.1802,-82.72762563538708
1199,-0.11796057,-82.72577490569529
1200,-0.15818334,-82.72577490569529
1201,-0.16503334,-82.72577490569529
1202,-0.16503334,-82.72577490569529
1203,-0.16476667,-82.72577490569529
1204,-0.14665,-82.72577490569529
1205,0.138497,-82.69867985235032
1206,0.24213791,-82.65851714001474
1207,-0.40533355,-82.63665115558979
1208,-0.319,-82.65987961092469
1209,0.6729043,-82.71277165883657
1210,-0.015785255,-82.82087044143555
1211,-0.22298333,-82.94666062021133
1212,0.0064475737,-83.02291849726316
1213,0.7210928,-83.00449953512725
1214,-0.40129417,-83.07923904345807
1215,0.26746032,-83.05104004689929
1216,1.1730278,-82.95641133287427
1217,-1.4337406,-82.81518063047406
1218,-1.029183,-82.63984114029881
1219,-1.1198334,-82.63984114029881
1220,-0.19840613,-82.62444628873345
1221,0.0,-82.60564612322923
1222,0.5605451,-82.55776094743487
1223,-0.14648333,-82.55776094743487
1224,0.0246463,-82.54621177171794
1225,0.15692157,-82.52508645323542
1226,-0.1681,-82.52508645323542
1227,-0.16151667,-82.52508645323542
1228,0.44480136,-82.48678511572507
1229,0.16283028,-82.46648689737049
1230,0.17822465,-82.42894563083973
1231,-0.74373335,-82.42894563083973
1232,-0.08313222,-82.4200409902769
1233,0.63360465,-82.50217978195724
1234,-0.33641666,-82.62641498730954
1235,-0.61871666,-82.73444187180576
1236,0.46763217,-82.72810678794485
1237,-0.44633332,-82.86068729176623
1238,-0.499,-83.02286302163702
1239,-0.5398667,-83.14903242006403
1240,-0.9030833,-83.24356701090437
1241,-0.41761348,-83.36950508370501
1242,0.0,-83.34991450100642
1243,0.0,-83.31448300420743
1244,0.0,-83.28997583925229
1245,0.0,-83.27449175673974
1246,0.051948905,-83.25639257911098
1247,-0.048711456,-83.24807440634322
1248,0.023575593,-83.23406632668775
1249,1.425062,-83.1302638021807
1250,0.7956934,-83.06949031777185
1251,-0.17501667,-83.06949031777185
1252,-0.13464268,-83.06661684210849
1253,-0.14968333,-83.06661684210849
1254,-0.13352227,-83.05387720610452
1255,-0.26891887,-83.0128320991571
1256,-0.26165077,-82.9999509235422
1257,0.17552343,-83.07308028690022
1258,-0.26975,-83.146550417463
1259,-0.2798,-83.29734079591435
1260,-0.044048164,-83.47984345308942
1261,-0.14365342,-83.76355783692998
1262,-0.100445524,-83.85890814713639
1263,-0.20363903,-84.22575345687073
1264,0.3134174,-84.27171851001185
1265,-0.34830406,-84.43010602198046
1266,-0.2594507,-84.44076860747737
1267,-0.15470204,-84.23340898058814
1268,-0.41594198,-84.0023702909748
1269,-0.93635684,-83.93419874511164
1270,-0.19726667,-83.93419874511164
1271,-0.08076914,-83.9281571559186
1272,-0.11130507,-83.92528231936012
1273,-0.14403333,-83.92528231936012
1274,-0.17503333,-83.92528231936012
1275,0.343287,-83.89162508147274
1276,-0.16651666,-83.89162508147274
1277,0.18962166,-83.86992667550658
1278,-0.31485,-83.86992667550658
1279,-0.55845,-83.86992667550658
1280,-0.331,-83.8747724767818
1281,-0.55593336,-83.93183325492282
1282,0.49626756,-83.92278290987451
1283,-0.28356665,-84.02951926440437
1284,0.5103138,-84.35166320652206
1285,0.5554176,-84.62397501320083
1286,-0.17435,-84.96445885748108
1287,-0.1440113,-85.24474093765457
1288,-0.14395,-85.48836507350643
1289,-0.17075,-85.51410874240537
1290,-0.17386733,-85.53596600220044
1291,-0.7388,-85.53596600220044
1292,-0.50045,-85.53596600220044
1293,-0.24317864,-85.51984028034349
1294,0.0,-85.50500836484571
1295,0.0,-85.49468094837357
1296,-0.10671288,-85.49216953600262
1297,-0.17426667,-85.49216953600262
1298,-0.17551666,-85.49216953600262
1299,-0.16136667,-85.49216953600262
1300,0.5559002,-85.44680169159983
1301,0.037545234,-85.43385075247352
1302,-0.38528332,-85.43385075247352
1303,-0.34590918,-85.42624216415425
1304,-0.077988446,-85.41369834803481
1305,0.55459434,-85.40596078085218
1306,0.35860917,-85.44117811443721
1307,0.40247443,-85.73820355656062
1308,0.47329035,-85.81559351208125
1309,-0.15005,-85.97209155681048
1310,-0.14346667,-86.22622996690188
1311,-0.17213333,-86.56371852877055
1312,-0.173,-86.67037218185578
1313,-0.1769,-86.69785122322355
1314,-0.25806665,-86.72704357030307
1315,0.33225748,-86.67209316911612
1316,-0.35742655,-86.65340631390427
1317,-0.36431667,-86.65340631390427
1318,-0.2623,-86.65340631390427
1319,0.43670723,-86.61269092867587
1320,0.096879184,-86.59573703194474
1321,-0.1424,-86.59573703194474
1322,-0.16831666,-86.59573703194474
1323,0.6691512,-86.54085529158328
1324,-0.16661666,-86.54085529158328
1325,0.22847143,-86.51685806671594
1326,0.242875,-86.49048377694999
1327,-0.5442333,-86.49048377694999
1328,-0.27926666,-86.51538662733947
1329,0.16960433,-86.66385884704505
1330,0.8623571,-86.841092364215
1331,0.2271455,-87.14183159294043
1332,-0.14878333,-87.50524611892615
1333,0.073139526,-87.84676690521155
1334,-0.0022914559,-88.17982937517081
1335,-0.062870584,-88.47036303701316
1336,-0.14231667,-88.69397097947513
1337,0.1706708,-88.77844867231761
1338,-0.29205,-88.8018985235176
1339,-0.22738549,-88.55229325527762
1340,0.06975875,-88.29373030299757
1341,0.24614723,-88.03291149372671
1342,-0.46146813,-88.02379209017818
1343,-0.16765,-88.02379209017818
1344,0.9373566,-87.95337175047462
1345,0.94510865,-87.8817032746083
1346,0.8370463,-87.81597551173036
1347,-0.1742,-87.81597551173036
1348,0.8023915,-87.75397039419477
1349,-0.14571667,-87.75397039419477
1350,0.1947856,-87.72272366499965
1351,0.010379314,-87.67294479376142
1352,0.0011587143,-87.75295900023048
1353,0.00069761276,-87.94655034160678
1354,0.0006747246,-88.23115152335231
1355,-0.16411667,-88.58973247027461
1356,0.17406797,-88.94645956373279
1357,0.009343147,-89.321183087588
1358,0.0011072159,-89.67713448619907
1359,-0.009882644,-89.99041339969699
1360,-0.15251666,-90.24461177206103
1361,-0.15925,-90.38457168853347
1362,-0.2906,-90.41993008768623
1363,-0.37803334,-90.41993008768623
1364,-0.5578586,-90.40697289566015
1365,-0.31133947,-90.40690071160498
1366,-0.18771666,-90.40690071160498
1367,-0.07644731,-90.40264195321652
1368,0.8613438,-90.33576602606627
1369,-0.16988334,-90.33576602606627
1370,0.046379596,-90.32222351922246
1371,-0.13935,-90.32222351922246
1372,-0.15528333,-90.32222351922246
1373,0.9077148,-90.25240064157697
1374,0.2877415,-90.22296161322447
1375,-0.10856795,-90.20647769725474
1376,0.95362926,-90.13643955743464
1377,-0.28605,-90.15909855930659
1378,-0.29191667,-90.21951830877515
1379,-0.077292204,-90.36581786467286
1380,-0.15850404,-90.40215027077647
1381,-0.24336667,-90.56549434109183
1382,-0.14546877,-90.70827321453544
1383,-0.77766275,-90.77943455918285
1384,-1.2384118,-90.6465258870885
1385,-0.41881016,-90.49354298158141
1386,-1.3573836,-90.5020029789448
1387,1.4286041,-90.3726841306925
1388,-0.64188236,-90.3718824020616
1389,-0.32764348,-90.30655048853077
1390,-0.3552,-90.30655048853077
1391,-0.15301667,-90.30655048853077
1392,-0.18633333,-90.30655048853077
1393,-0.102283105,-90.30170580670529
1394,-0.029625531,-90.2943050495378
1395,-0.07284756,-90.28903989093669
1396,0.27405256,-90.25775089087256
1397,0.15400152,-90.22855495820113
1398,-0.16095,-90.22855495820113
1399,0.42284727,-90.16153580854007
1400,-0.45250756,-90.17292178022035
1401,-0.026506647,-90.18832422858395
1402,-0.8336833,-90.35569970375218
1403,-0.2905428,-90.4662332317821
1404,-0.29231668,-90.54279315537133
1405,0.22659954,-90.600013387113
1406,0.3049025,-90.93292526593723
1407,-0.2815,-91.27885164013423
1408,-0.37968335,-91.53978757253208
1409,1.4835397,-91.5061315975181
1410,-0.43898332,-91.51600777702697
1411,-0.66926664,-91.51600777702697
1412,-0.49513334,-91.51600777702697
1413,-0.075532675,-91.49967431808182
1414,-0.19121666,-91.49967431808182
1415,-0.17991666,-91.49967431808182
1416,-0.16221666,-91.49967431808182
1417,-0.14676666,-91.49967431808182
1418,1.1082892,-91.41630385602184
1419,-0.17388333,-91.41630385602184
1420,0.23700345,-91.39044229844876
1421,-0.14073333,-91.39044229844876
1422,-0.16253333,-91.39044229844876
1423,-0.26679957,-91.34704284528561
1424,-0.60791665,-91.37460727030702
1425,0.24444625,-91.56739844912954
1426,-0.25111666,-91.70350879961916
1427,0.10037838,-91.89659534925886
1428,-0.16156666,-91.9929955133266
1429,-0.30755,-92.12723797345825
1430,-0.37318334,-92.29371022964187
1431,-0.20188333,-92.37449816400476
1432,-0.35406667,-92.46067532683082
1433,-0.27875033,-92.50876455912658
1434,-0.65306664,-92.40354368994304
1435,0.66124773,-92.08810643265315
1436,0.986215,-91.77182305762835
1437,0.066474505,-91.69405330131121
1438,-0.17865,-91.69405330131121
1439,1.1019002,-91.61099520484277
1440,2.0,-91.46964620212384
1441,1.3006401,-91.37423876086541
1442,0.06567192,-91.36016158638813
1443,0.003923416,-91.34393606400408
1444,0.00083589554,-91.324802065923
1445,0.00068187714,-91.31488641137548
1446,0.0006737709,-91.30331703340926
1447,0.0006737709,-91.22062029755034
1448,0.0006737709,-91.18709781086363
1449,0.0006737709,-91.19465239271813
1450,0.0006737709,-91.24017922878556
1451,0.0006737709,-91.31107754558616
1452,-0.16383334,-91.43526562601619
1453,-0.16456667,-91.71705442220264
1454,-0.1403,-91.95372363478236
1455,0.49596214,-92.04307528138452
1456,0.025437832,-92.20313306451135
1457,-0.18546666,-92.24415173679881
1458,-0.27605,-92.25129796443798
1459,-0.568683,-92.24134427840181
1460,0.37173975,-92.19265669370361
1461,-0.24043334,-92.19265669370361
1462,0.19322118,-92.16979156779416
1463,-0.1588,-92.16979156779416
1464,-0.17386666,-92.16979156779416
1465,0.45025957,-92.1288290319062
1466,-0.01815945,-92.12086822996207
1467,0.7765895,-92.0602304131753
1468,1.033804,-91.98172965059348
1469,0.43446594,-91.94247186715074
1470,0.4607148,-91.90348932305642
1471,-0.17095318,-91.86548254052468
1472,0.58916044,-91.74578875461884
1473,0.030097961,-91.71061520809599
1474,-0.29456666,-91.71061520809599
1475,0.15402257,-91.74163032481738
1476,-0.16873333,-91.75705085108348
1477,-0.15005,-91.8176533185906
1478,-0.1349,-92.04740426475473
1479,-0.1642,-92.1327009775705
1480,0.4916665,-92.07260046685406
1481,0.11128269,-92.03984406749078
1482,-0.2626,-92.03984406749078
1483,0.073393695,-91.88174282172986
1484,-0.61564595,-91.6699194774992
1485,0.22708791,-91.35122202495404
1486,0.20888057,-91.23193745473691
1487,-0.1642156,-91.23147046867234
1488,1.3751866,-91.13147209885938
1489,-0.13755,-91.13147209885938
1490,0.5886556,-91.08179765495879
1491,-0.16893333,-91.08179765495879
1492,-0.16951667,-91.08179765495879
1493,-0.14126667,-91.08179765495879
1494,1.3582847,-90.96677357259614
1495,-0.46496665,-90.96677357259614
1496,-0.21668333,-90.97169629366545
1497,0.13730498,-90.97714475284738
1498,-0.15316667,-91.02801885570807
1499,-0.13475,-91.41936897601408
1500,0.43912792,-91.62394968535227
1501,0.5111095,-91.94990510608477
1502,0.69012403,-92.04471557702345
1503,-0.14045,-92.41721841062827
1504,-0.14353333,-92.68128817643446
1505,-0.16534524,-92.83876732851786
1506,-0.41222182,-92.83892576064682
1507,-0.24588333,-92.83892576064682
1508,0.2532655,-92.70119842555141
1509,-1.2847955,-92.53398780192947
1510,-1.1683667,-92.53398780192947
1511,-0.16136667,-92.53398780192947
1512,1.7671828,-92.40808933641529
1513,0.19169916,-92.38476955745136
1514,0.70228374,-92.32986728328979
1515,0.6738124,-92.27670081186807
1516,0.034330368,-92.26352658908581
1517,0.0023565292,-92.2525877490989
1518,0.00075769424,-92.21501399803674
1519,0.0006775856,-92.16395495686447
1520,0.0006737709,-92.14218642230844
1521,-0.11178352,-92.34158724959707
1522,-0.15905,-92.70434239919996
1523,-0.13543333,-92.92495014186716
1524,-0.16485,-93.14036669250345
1525,-0.16528334,-93.53921787854051
1526,-0.16326667,-93.60634366091108
1527,0.95153093,-93.64143138419604
1528,-0.15286666,-93.67219914350426
1529,-0.46988332,-93.68203678861028
1530,-0.44571668,-93.68544028251199
1531,-0.37356666,-93.68544028251199
1532,-1.9597899,-93.6080657869461
1533,-0.46590364,-93.46004151104717
1534,-0.1775,-93.46004151104717
1535,-0.1692,-93.46004151104717
1536,0.7449592,-93.40071108116535
1537,0.16104588,-93.38116693421034
1538,0.002429761,-93.37112574948696
1539,-0.052596577,-93.36355302733136
1540,0.060686953,-93.3485042086686
1541,-0.15681666,-93.3485042086686
1542,-0.33111,-93.34768477448961
1543,-0.28693333,-93.34768477448961
1544,-0.28822675,-93.43790793040534
1545,-0.09613353,-93.62545540550491
1546,0.17530513,-93.88685994961997
1547,-0.16053334,-94.25048485019943
1548,-0.04451564,-94.63066219905159
1549,0.09187084,-95.007895555289
1550,1.0962125,-95.25750398257514
1551,-0.13878334,-95.58413409808418
1552,-0.048619643,-95.82327942171833
1553,-0.11954093,-95.95400032022735
1554,-0.07532999,-95.96443742414704
1555,-0.95265406,-95.77257394691696
1556,-0.42276537,-95.74006844585529
1557,-0.33355,-95.74006844585529
1558,-0.033671603,-95.73000893363496
1559,-0.17005,-95.73000893363496
1560,1.656443,-95.61303756007692
1561,0.9919348,-95.53872513392707
1562,0.68532133,-95.48434258246562
1563,0.03490591,-95.47091861529043
1564,0.0023851395,-95.45921741513303
1565,0.00075912476,-95.44865973939886
1566,0.00067806244,-95.42947966506472
1567,0.0006737709,-95.41827861958882
1568,-0.6174667,-95.44995702424785
1569,-0.23082922,-95.56087194749853
1570,-0.128606,-95.78914556273958
1571,-0.15811604,-96.10787952312967
1572,-0.25693333,-96.48840836057207
1573,-0.16496667,-96.87470859655878
1574,-0.15751667,-97.22932970890542
1575,-0.13991667,-97.52333233127138
1576,-0.15855,-97.73200790950796
1577,-0.039435223,-97.83341380575439
1578,1.0238904,-97.7608492038562
1579,0.5042177,-97.71266247326275
1580,-0.43476668,-97.71266247326275
1581,-0.45616665,-97.71266247326275
1582,-0.17543334,-97.71266247326275
1583,0.393154,-97.67580938333413
1584,0.23885629,-97.65073630952975
1585,0.68928236,-97.59593379119178
1586,-0.17518333,-97.59593379119178
1587,-0.037148453,-97.58700594113907
1588,0.17244451,-97.56549130001804
1589,-0.14386667,-97.56549130001804
1590,-0.16933334,-97.56549130001804
1591,-0.61265,-97.56549130001804
1592,-0.52825,-97.59438040846726
1593,-0.010624337,-97.64411989966175
1594,-0.47258332,-97.89877526083728
1595,-0.2726523,-98.21972401061794
1596,0.17000806,-98.52535618463298
1597,-0.65066665,-98.85657642403385
1598,-0.5961667,-99.21154017368099
1599,-0.53522575,-99.36966798821231
1600,0.24343726,-99.47850541392108
1601,0.6457495,-99.43794221425196
1602,-0.36373332,-99.45526726165554
1603,-0.16148219,-99.44218593736878
1604,0.22361991,-99.40226273139706
1605,-0.23666823,-99.39028224901995
1606,-0.10625043,-99.37527486024192
1607,0.009532381,-99.3619672562345
1608,-0.15825,-99.3619672562345
1609,-0.16945,-99.3619672562345
1610,-0.18721667,-99.3619672562345
1611,0.1947518,-99.3371165561839
1612,-0.15911667,-99.3371165561839
1613,-0.15763333,-99.3371165561839
1614,-0.069756284,-99.30335812823614
1615,-0.20167165,-99.28241698624333
1616,-0.18482593,-99.29022370179882
1617,0.34185082,-99.27286733774235
1618,-0.6997667,-99.39118885336211
1619,-0.64648336,-99.70390122471144
1620,0.38394818,-99.9485833281069
1621,0.10012561,-100.19405365822604
1622,-0.5346972,-100.42114114103606
1623,0.061878495,-100.4970489302068
1624,-0.36499217,-100.56386594561627
1625,0.75978255,-100.46846306411317
1626,-0.44439468,-100.47886412584921
1627,0.3105651,-100.42788906017086
1628,-0.3455393,-100.42016419855645
1629,-0.5538906,-100.36868033645442
1630,0.28538883,-100.3082689800649
1631,-0.19746667,-100.3082689800649
1632,-0.16485,-100.3082689800649
1633,0.013376847,-100.2967665688484
1634,-0.19445,-100.2967665688484
1635,-0.045966417,-100.28727221948793
1636,-0.15766667,-100.28727221948793
1637,-0.16416667,-100.28727221948793
1638,0.43685994,-100.22142766130855
1639,-0.9094333,-100.22142766130855
1640,0.9059529,-100.01169313205173
1641,-0.701528,-100.02413638861617
1642,-0.5236866,-100.02081484970404
1643,0.35234472,-100.07368685182882
1644,0.22869292,-100.09718811762286
1645,0.10935706,-100.08432428509695
1646,-0.65316665,-100.12324120820267
1647,0.47391295,-100.06107155204518
1648,-0.13623711,-100.06036104517989
1649,-0.47956666,-100.08532223361544
1650,-0.3259081,-100.04437643173151
1651,0.7139994,-99.96453372272663
1652,0.14335969,-99.91645476105623
1653,-0.50881666,-99.91645476105623
1654,-0.29925,-99.91645476105623
1655,0.0024009682,-99.90364211588167
1656,0.014806151,-99.89014880056493
1657,-0.16841666,-99.89014880056493
1658,-0.16630739,-99.88941586401779
1659,0.19079614,-99.86412028234918
1660,-0.15546352,-99.86132291064132
1661,-0.52456665,-99.86132291064132
1662,-0.29101667,-99.86132291064132
1663,-0.20368333,-99.86132291064132
1664,-0.22035,-99.86143260553945
1665,-0.15476666,-99.86678629613016
1666,-0.13688333,-99.89782779908273
1667,-0.16495,-99.94185904285405
1668,-0.1727,-100.032144016237
1669,-0.15608333,-100.15198275318835
1670,-0.13713333,-100.24176856002305
1671,-0.16695,-100.34506450465415
1672,-0.17376667,-100.46564978233073
1673,-0.17566666,-100.50898308923934
1674,-0.048324663,-100.51891921611968
1675,0.0,-100.49909205141012
1676,0.0,-100.47650780307595
1677,0.0,-100.45643363671843
1678,0.0,-100.44285730330739
1679,0.3766201,-100.40740174858365
1680,-0.17333333,-100.40740174858365
1681,0.20209756,-100.38433232402895
1682,-0.13616666,-100.38433232402895
1683,-0.16833334,-100.38433232402895
1684,2.0,-100.2431815812597
1685,-0.15161666,-100.2431815812597
1686,-0.13513333,-100.2431815812597
1687,-0.16711667,-100.2431815812597
1688,0.042600393,-100.22179163678084
1689,-0.15318333,-100.2581993235508
1690,-0.01748252,-100.25510493724141
1691,-0.16581666,-100.47641383914743
1692,-0.16983333,-100.56813930778299
1693,-0.15006667,-100.93443330435548
1694,-0.13346666,-101.26729541330133
1695,-0.16926667,-101.54445903806482
1696,0.465115,-101.67636569647584
1697,-0.169,-101.70185701793525
1698,-0.24198334,-101.72869892662857
1699,-0.30708334,-101.72869892662857
1700,0.8700259,-101.64969732856844
1701,0.5321516,-101.59528355917428
1702,-0.20993334,-101.59528355917428
1703,-0.17235,-101.59528355917428
1704,-0.17191666,-101.59528355917428
1705,-0.14726667,-101.59528355917428
1706,-0.1379,-101.59528355917428
1707,-0.17101666,-101.59528355917428
1708,-0.17058334,-101.59528355917428
1709,-0.14921667,-101.59528355917428
1710,-0.13493334,-101.59528355917428
1711,-0.16828333,-101.59528355917428
1712,-0.21878333,-101.60185178986285
1713,-0.1525,-101.69969319424126
1714,0.41015032,-101.82080156973097
1715,-0.16105,-101.93567392847035
1716,0.27987704,-101.99901291599963
1717,-0.15891667,-102.18695592752192
1718,-0.13465,-102.36863525083754
1719,-0.15465,-102.48252468428109
1720,-0.16616666,-102.58076589426491
1721,-0.18341666,-102.62127056962345
1722,-0.2435,-102.62182266212767
1723,-0.16980901,-102.61471549788257
1724,-0.33996665,-102.61471549788257
1725,-0.32463333,-102.61471549788257
1726,0.0,-102.60016308160266
1727,0.0,-102.59125049872091
1728,-0.16623333,-102.59125049872091
1729,-0.07029611,-102.58507416251814
1730,-0.15263334,-102.58507416251814
1731,-0.13493334,-102.58507416251814
1732,-0.157,-102.58507416251814
1733,-0.1634,-102.58507416251814
1734,-0.16311666,-102.58507416251814
1735,-0.13631667,-102.58507416251814
1736,-0.12052141,-102.59125371876871
1737,-0.1615,-102.73756363097345
1738,-0.16165,-102.8923596352688
1739,-0.1534,-103.17918097082293
1740,-0.13318333,-103.4541883081547
1741,-0.149,-103.8916314751259
1742,-0.1609,-104.26449697319185
1743,-0.16181667,-104.5734384864918
1744,-0.14011666,-104.79911073151743
1745,-0.15653333,-104.92760305706179
1746,-0.2831,-104.9625182323507
1747,-0.10820798,-104.92655316967284
1748,0.0,-104.8851210870198
1749,0.0,-104.84822383749997
1750,0.0,-104.82292692031479
1751,0.0,-104.81114892050391
1752,-0.14296667,-104.81114892050391
1753,0.23816994,-104.78544445842272
1754,-0.15621667,-104.78544445842272
1755,-0.14046666,-104.78544445842272
1756,-0.1238,-104.78544445842272
1757,1.5076349,-104.6704669421888
1758,0.49389115,-104.6121126836515
1759,-0.7007305,-104.60695770842722
1760,-0.7844167,-104.70264154387405
1761,0.47631013,-104.7908121542423
1762,-0.61081666,-105.07211028499296
1763,0.59109646,-105.34643765253713
1764,-0.25595,-105.74180679483106
1765,-0.25891668,-106.14203311962774
1766,-0.018506914,-106.48293678922346
1767,-0.24298333,-106.78922264737776
1768,-0.24770576,-106.80959556339076
1769,-2.0,-106.72870752302697
1770,-0.3476223,-106.28514671412995
1771,0.0,-106.25475921569159
1772,0.0,-106.2175651313155
1773,0.0,-106.18994988402119
1774,0.0,-106.17555455205729
1775,0.16344382,-106.15516445500543
1776,0.04147266,-106.14252373290947
1777,-0.17005,-106.14252373290947
1778,0.22721498,-106.1166581780999
1779,0.3366346,-106.08446359721711
1780,-0.14498334,-106.08446359721711
1781,0.26210564,-106.05714373191586
1782,0.83136797,-105.99216856708517
1783,0.27400297,-105.8625881736516
1784,0.103651725,-105.88717013126006
1785,-0.58295155,-106.05232788150897
1786,0.33662847,-106.27372082596412
1787,-0.23866667,-106.60724761610618
1788,-0.22885129,-106.97129386191955
1789,-0.61018336,-107.20742138748756
1790,-0.50771666,-107.5883262110292
1791,-0.25426668,-107.66789839690318
1792,-0.14695524,-107.76885507529369
1793,0.52536494,-107.73291641374817
1794,0.009252264,-107.69457903405419
1795,0.16873504,-107.63684051012387
1796,-0.38245,-107.63684051012387
1797,-0.27531666,-107.63684051012387
1798,0.23536201,-107.6021275659441
1799,-0.20515,-107.6021275659441
1800,-0.16518334,-107.6021275659441
1801,0.11338191,-107.58548441057792
1802,-0.093974315,-107.58138557424536
1803,-0.1721,-107.58138557424536
1804,0.13682269,-107.56121784908464
1805,0.7687675,-107.50139721570304
1806,0.15253872,-107.48228036699584
1807,-0.37215,-107.48228036699584
1808,-0.050507873,-107.50981222366681
1809,-0.28868333,-107.68215322768083
1810,-0.16848333,-107.94810900365701
1811,-0.016649395,-108.26325348293176
1812,-0.15035,-108.62930023943773
1813,-0.13955,-108.99412593519082
1814,0.0018900711,-109.31001040613046
1815,-0.09098325,-109.5786133435904
1816,-0.16633333,-109.7761993733584
1817,0.018116873,-109.4697278169333
1818,-0.5943063,-109.04396847164026
1819,-0.32638302,-108.90156321501127
1820,0.053961933,-108.8707990226685
1821,0.28998014,-108.8313409787952
1822,0.24130985,-108.80013383826008
1823,-0.15498333,-108.80013383826008
1824,-0.15498333,-108.80013383826008
1825,-0.15498333,-108.80013383826008
1826,0.3796565,-108.76538225164404
1827,-0.15498333,-108.76538225164404
1828,0.7069369,-108.70935743948212
1829,-0.15498333,-108.70935743948212
1830,-0.15498333,-108.70935743948212
1831,-0.15498333,-108.70935743948212
1832,-0.066016406,-108.69761380640557
1833,0.030333176,-108.67315202852478
1834,-0.15498333,-108.67315202852478
1835,0.87165904,-108.57664765318623
1836,-0.15498333,-108.57664765318623
1837,0.061730243,-108.55627657746663
1838,-0.03384783,-108.54488984117052
1839,0.12566948,-108.51850847707829
1840,0.64418983,-108.44338620261988
1841,-0.13137828,-108.44027033628663
1842,-0.15498333,-108.44027033628663
1843,-0.15498333,-108.44027033628663
1844,-0.09726575,-108.43651869398309
1845,0.69780284,-108.3810875925119
1846,0.20392722,-108.35775840718998
1847,0.47045982,-108.3171046047355
1848,-0.15541667,-108.3171046047355
1849,-0.14028333,-108.3171046047355
1850,-0.066047415,-108.3111103537376
1851,-0.16701667,-108.3111103537376
1852,-0.1681,-108.3111103537376
1853,-0.14535,-108.3111103537376
1854,-0.13693333,-108.3111103537376
1855,0.03150681,-108.25393585738493
1856,1.1422023,-108.16625998046948
1857,-0.66245955,-108.34424469497753
1858,0.28307796,-108.41452726599528
1859,-0.38759285,-108.61703976866556
1860,-0.42436665,-109.004099487036
1861,-0.030244213,-109.31697592017008
1862,-0.6538,-109.67496609565569
1863,0.45115823,-109.81348298367811
1864,0.19591069,-109.95097707089735
1865,-0.10121679,-110.05482654151274
1866,0.37132472,-109.9173749226029
1867,-0.4282,-109.9173749226029
1868,-0.05002583,-109.89181210164679
1869,-0.2212267,-109.8823249216075
1870,-0.25626665,-109.8823249216075
1871,-0.15941666,-109.8823249216075
1872,-0.15941666,-109.8823249216075
1873,-0.15941666,-109.8823249216075
1874,-0.15941666,-109.8823249216075
1875,-0.15941666,-109.8823249216075
1876,-0.15941666,-109.8823249216075
1877,-0.15941666,-109.8823249216075
1878,-0.15941666,-109.8823249216075
1879,-0.15941666,-109.8823249216075
1880,-0.15941666,-109.8823249216075
1881,-0.15941666,-109.8823249216075
1882,-0.15941666,-109.8823249216075
1883,-0.15941666,-109.8823249216075
1884,-0.15941666,-109.8823249216075
1885,-0.15941666,-109.8823249216075
1886,-0.15941666,-109.8823249216075
1887,-0.15941666,-109.8823249216075
1888,-0.15941666,-109.8823249216075
1889,-0.15941666,-109.8823249216075
1890,-0.15941666,-109.8823249216075
1891,0.0,-109.8719628394465
1892,0.0,-109.86160075728549
1893,0.0,-109.85123867512448
1894,0.0,-109.84087659296347
1895,0.0,-109.83051451080246
1896,-0.035760045,-109.821223414212
1897,0.40603048,-109.78344343480421
1898,0.31257465,-109.74382216733648
1899,2.0,-109.60114825767232
1900,0.65752697,-109.54736984026385
1901,-0.14336666,-109.54736984026385
1902,-0.1455,-109.54736984026385
1903,-0.16818333,-109.54736984026385
1904,-0.48183334,-109.55598066718085
1905,-0.40531546,-109.58566791721387
1906,-0.5629333,-109.66431214817567
1907,-0.36673334,-109.78992622502847
1908,-0.29563335,-109.846614760987
1909,-0.19846667,-110.22526694618864
1910,-0.25233334,-110.33295990311308
1911,-0.30113333,-110.45370673172874
1912,-0.4024128,-110.62979135446949
1913,0.981584,-110.60913666867418
1914,-0.14133433,-110.60559218045091
1915,-0.23435429,-110.58655070926761
1916,-0.095249474,-110.55857900943374
1917,-0.13056761,-110.54542957100784
1918,0.033751354,-110.52707131620264
1919,-0.18545,-110.52707131620264
1920,-0.15731667,-110.52707131620264
1921,0.8281692,-110.46389007236576
1922,-0.17425,-110.46389007236576
1923,1.3650019,-110.36396436806535
1924,1.4680648,-110.25833082612371
1925,-0.13953333,-110.25833082612371
1926,-0.1361696,-110.25656085036462
1927,0.3655367,-110.15096260182327
1928,-0.3454,-110.16464865062153
1929,0.14157122,-110.18167337629711
1930,0.24928236,-110.2312024779967
1931,0.013103962,-110.27427653077757
1932,-0.14048333,-110.4120023608557
1933,-0.16528334,-110.75968412164366
1934,0.32443476,-110.84519322070992
1935,-0.52625,-111.13458113226807
1936,-0.47468078,-110.88990324590122
1937,-2.0,-110.71651489887154
1938,-1.95973,-110.4985986337415
1939,1.9888074,-110.30356132838642
1940,0.38622323,-110.24910607043421
1941,-0.30633333,-110.24910607043421
1942,-0.21275,-110.24910607043421
1943,-0.18026666,-110.24910607043421
1944,2.0,-110.107770076429
1945,1.3006401,-110.01374064240372
1946,0.06567192,-109.99884555157041
1947,0.003923416,-109.98706928029424
1948,0.00083589554,-109.97557928081369
1949,0.00068187714,-109.96615220833337
1950,0.0006737709,-109.95619699679082
1951,0.0006737709,-109.8710846634931
1952,0.0006737709,-109.81479733757442
1953,-0.29380912,-109.83181384153431
1954,0.31058645,-109.77021871454781
1955,-0.17028333,-109.84125855512684
1956,-0.16005,-109.91720959491795
1957,-0.16598333,-110.28970938868588
1958,-0.1667,-110.66014128871029
1959,-0.14105,-110.89104725368088
1960,-0.14496666,-111.00112351722782
1961,-0.35121667,-111.02824583597248
1962,-0.8342,-111.0422579110018
1963,-0.48071668,-111.0422579110018
1964,-0.16709483,-110.98520165908849
1965,0.036563605,-110.91396510828054
1966,0.5732796,-110.8592039369396
1967,-0.15148333,-110.8592039369396
1968,-0.17041667,-110.8592039369396
1969,0.63510084,-110.80693955201423
1970,-0.15498333,-110.80693955201423
1971,0.0048804134,-110.79753315862035
1972,-0.16628334,-110.79753315862035
1973,0.44596893,-110.75753417651867
1974,0.47310597,-110.71597495715832
1975,0.50853896,-110.60601820837473
1976,-0.46016666,-110.61545680410927
1977,-0.051033154,-110.60237811267143
1978,-0.15285,-110.6390442228294
1979,0.69899446,-110.62040231883293
1980,0.40400136,-110.64490651659435
1981,-0.19613305,-110.75245836697286
1982,-0.24933334,-110.90489401243394
1983,-0.15777417,-111.0490542682237
1984,0.8820915,-110.98283585481113
1985,-0.7505741,-110.78659462503856
1986,-1.4527813,-110.4640039759106
1987,-0.41653207,-110.24125973455375
1988,-0.31984764,-110.19735208101338
1989,1.7501384,-110.06204234011238
1990,-0.22396667,-110.06204234011238
1991,0.15760344,-110.04152595199412
1992,-0.16515,-110.04152595199412
1993,-0.17356667,-110.04152595199412
1994,0.69178057,-109.98560446448391
1995,-0.14316666,-109.98560446448391
1996,0.19211002,-109.96274006314343
1997,-0.20225,-109.96274006314343
1998,-0.29626667,-109.96274006314343
1999,0.44433588,-109.84509252704447
2000,0.5150453,-109.82469893194502
2001,-0.2948045,-110.0069728413946
2002,-0.1594,-110.19063319958514
2003,-0.16451667,-110.49959006108111
2004,-0.17093334,-110.85252722300356
2005,-0.15001667,-111.2032416681177
2006,-0.1403,-111.51224785245722
2007,-0.1706,-111.78680770791834
2008,-0.17188333,-111.94984254933661
2009,-0.1815,-112.05776447005337
2010,-0.03610284,-112.0352286430425
2011,-0.56897324,-112.0350449042744
2012,0.23937504,-111.99165036104387
2013,0.5463857,-111.93083837575978
2014,0.0317264,-111.91548907704419
2015,-0.16945,-111.91548907704419
2016,-0.11766072,-111.91195702383993
2017,0.11733037,-111.89460979978321
2018,0.69787174,-111.84006255696295
2019,-0.047049,-111.83194290864049
2020,0.3511696,-111.79784805345116
2021,-0.16295,-111.79784805345116
2022,-0.1409,-111.79784805345116
2023,-0.04182703,-111.75446322205244
2024,-0.26998332,-111.76372616289882
2025,0.13994546,-111.76249618566362
2026,-0.16403334,-111.99631777143804
2027,-0.14048333,-112.15919106936781
2028,-0.14,-112.36857284343569
2029,-0.16403334,-112.67206333315698
2030,-0.16441667,-113.01626141107408
2031,-0.16343333,-113.29107306635706
2032,-0.31603333,-113.49342046416132
2033,-0.023508646,-113.56055301910965
2034,-0.8221667,-113.59638076386182
2035,-0.061405487,-113.57602962030796
2036,-0.30631667,-113.57602962030796
2037,-0.34583333,-113.57602962030796
2038,0.2398347,-113.54977386555402
2039,-0.15571667,-113.54977386555402
2040,-0.17303333,-113.54977386555402
2041,-0.0030955374,-113.53883949219016
2042,1.0767521,-113.4589630246046
2043,0.8568068,-113.39410558639793
2044,-0.17258333,-113.39410558639793
2045,-0.025225863,-113.38478193449555
2046,-0.38186666,-113.38478193449555
2047,-0.33246666,-113.38478193449555
2048,-0.40633333,-113.39759227837203
2049,-0.2742671,-113.4048035942833
2050,-0.46762395,-113.42852847249014
2051,-0.7068,-113.52720687509282
2052,-0.6662833,-113.6645430845092
2053,-0.59008336,-113.75905900419457
2054,-0.37413332,-113.86058990628226
2055,0.29476672,-113.99408379168017
2056,-0.30335,-114.1746678945492
2057,-0.17219242,-114.29754961997969
2058,0.0,-114.31114331510616
2059,0.0,-114.2797418150003
2060,0.0,-114.24523331475211
2061,0.0,-114.21808931481792
2062,0.0,-114.20577506598784
2063,0.0,-114.19393206638051
2064,-0.18025,-114.19393206638051
2065,-0.16326667,-114.19393206638051
2066,0.5856778,-114.14603826281382
2067,0.83439463,-114.08166586485459
2068,-0.008490194,-114.07099439454032
2069,1.1644312,-113.98437445115997
2070,0.12898542,-113.95193823677255
2071,-0.15696667,-113.95193823677255
2072,-0.016124334,-114.02237631630851
2073,-0.70656675,-114.152518289804
2074,-0.40278333,-114.41954626393272
2075,-0.040609792,-114.6662099386449
2076,-0.33453813,-114.92194941890193
2077,-0.1891438,-115.24978637945605
2078,-0.37292638,-115.57618519914104
2079,-0.25091666,-115.85154474031879
2080,-0.25395,-116.05344026040984
2081,0.4430844,-116.08927655470325
2082,-0.21400873,-116.0879937230493
2083,0.1708066,-116.03407471318496
2084,-0.36648333,-116.03407471318496
2085,-0.2844214,-116.02912743919296
2086,0.45111078,-115.98059015505714
2087,-0.16743334,-115.98059015505714
2088,-0.12747625,-115.97963527817046
2089,0.2679978,-115.95090325403726
2090,-0.17328334,-115.95090325403726
2091,-0.1662,-115.95090325403726
2092,-0.14323333,-115.95090325403726
2093,-0.16291666,-115.95090325403726
2094,0.33416468,-115.91813254955923
2095,-0.40271667,-115.91813254955923
2096,-0.7423486,-115.80378874245798
2097,0.4142172,-115.49233274761355
2098,-0.23865,-115.7501039117924
2099,-0.22688334,-116.07249992195284
2100,-0.15697408,-116.41128831211245
2101,-0.091612905,-116.74738903943216
2102,-0.13680696,-117.05601467791712
2103,-0.30395,-117.32721560302889
2104,0.02836734,-117.49942903820192
2105,-0.38593334,-117.6168027431122
2106,0.30857098,-117.55944960046327
2107,-0.30005702,-117.55285689089214
2108,-0.32916668,-117.55285689089214
2109,-0.14703032,-117.54455727845198
2110,-0.013426338,-117.53152865770971
2111,0.08233675,-117.51459268521285
2112,-0.15955,-117.51459268521285
2113,-0.09164319,-117.51086990971817
2114,-0.18268333,-117.51086990971817
2115,0.75273347,-117.45011765573872
2116,-0.007651221,-117.44080756948097
2117,-0.148,-117.44080756948097
2118,-0.17418334,-117.44080756948097
2119,-0.41275346,-117.43665882822825
2120,-0.28144807,-117.53759886947228
2121,-0.24106532,-117.70271105197025
2122,-0.39215,-117.95555130270077
2123,-0.5772667,-118.27024716761662
2124,-0.32603332,-118.6194181504543
2125,-0.16213334,-118.97032294300152
2126,-0.1674,-119.28575048473431
2127,0.32914498,-119.45521498349262
2128,0.16985458,-119.28827240195824
2129,-0.5247841,-118.9163462134893
2130,-0.26314437,-118.9008815229754
2131,4.760921e-06,-118.87754513107939
2132,-0.048047125,-118.86115086235804
2133,0.27142948,-118.82482802652521
2134,-0.21308333,-118.82482802652521
2135,-0.032279763,-118.8168728777091
2136,0.39230314,-118.78031451039715
2137,-0.18775,-118.78031451039715
2138,0.2941783,-118.74903467082186
2139,-0.15721667,-118.74903467082186
2140,0.43264598,-118.71035235159798
2141,-0.111349866,-118.70560734317405
2142,0.37508357,-118.66924524650676
2143,-0.15171422,-118.64654312253697
2144,-0.48575,-118.66082586505217
2145,-0.30725,-118.74561080493731
2146,-0.16116667,-118.98204824485583
2147,0.112957776,-119.31861290492816
2148,-0.17215,-119.6616588846664
2149,-0.29358333,-120.00970974721713
2150,-0.31620544,-120.26807433523936
2151,-0.21575,-120.50148850836558
2152,0.66831315,-120.61206908681197
2153,-0.16931666,-120.65312032186193
2154,-0.30937552,-120.47520690941019
2155,0.012864754,-120.2076714017312
2156,0.72834134,-119.9434610583703
2157,-0.17443702,-119.87189413391752
2158,0.026818244,-119.8463522826205
2159,1.0952351,-119.76423009083373
2160,-0.1459,-119.76423009083373
2161,-0.17415,-119.76423009083373
2162,-0.17966667,-119.76423009083373
2163,-0.16325,-119.76423009083373
2164,-0.14535,-119.76423009083373
2165,0.20405978,-119.73977537424071
2166,-0.06505759,-119.73257603420643
2167,-0.5121833,-119.73257603420643
2168,-0.38056666,-119.80710527225165
2169,0.26996508,-119.81361809017835
2170,-0.06948156,-120.05133734288393
2171,0.2432388,-120.26760318520246
2172,-0.14466667,-120.4763136470574
2173,-0.17015,-120.64046792330919
2174,-0.31166667,-120.79768962803064
2175,-0.06527783,-120.61768491211114
2176,-0.3879554,-120.46044824662386
2177,-0.22630715,-120.4466505573946
2178,-0.04050184,-120.43776370881824
2179,-0.43648332,-120.43776370881824
2180,-0.059532437,-120.41099556646077
2181,0.16030996,-120.37765750399558
2182,-0.15165445,-120.37530804303242
2183,0.0,-120.36481162690325
2184,-0.11850258,-120.36157912801718
2185,-0.1823,-120.36157912801718
2186,-0.17351666,-120.36157912801718
2187,-0.29698333,-120.36157912801718
2188,0.43861276,-120.31942363124108
2189,-0.16506666,-120.31942363124108
2190,-0.144,-120.31942363124108
2191,0.07683116,-120.26080272014951
2192,-0.7402167,-120.28932923491811
2193,-0.31360903,-120.2559527460835
2194,0.56589496,-120.24283531535184
2195,-0.23543334,-120.3273683883599
2196,0.69742686,-120.51486753899371
2197,-0.13930647,-120.65415447432315
2198,-0.16478333,-120.82878419238841
2199,-0.1855,-121.02888127643382
2200,-0.16243333,-121.12161508429563
2201,-0.15135,-121.1711029544822
2202,0.34386343,-121.10768285248196
2203,-0.24138333,-121.10768285248196
2204,0.27608994,-121.07033017504727
2205,1.1336094,-120.97923206764972
2206,-0.028352914,-120.96972925815498
2207,-0.06616722,-120.96545554412296
2208,0.34652403,-120.93245348049095
2209,0.012732529,-120.92121719935676
2210,0.9036109,-120.85273899504682
2211,-0.13093333,-120.85273899504682
2212,0.30554458,-120.82323151448509
2213,-0.060591064,-120.81682626757538
2214,0.056024767,-120.80287457577651
2215,0.08078472,-120.78887998539722
2216,-0.13026667,-120.80069331958657
2217,-0.1441093,-120.91333997383481
2218,-0.17623334,-121.072927997855
2219,-0.23028833,-121.40830989315873
2220,-0.15426667,-121.52222507580882
2221,-0.15783334,-121.65214155003196
2222,-0.15698333,-121.8497464893735
2223,-0.13066667,-121.94765125348931
2224,0.852646,-121.94080620392924
2225,-0.15793334,-121.97729898005491
2226,-0.21518333,-121.99324784934288
2227,0.25405198,-121.96163172036177
2228,0.3434524,-121.92199023201829
2229,-0.25598332,-121.92199023201829
2230,-0.20118333,-121.92199023201829
2231,-0.14792491,-121.92112626851304
2232,-0.13698334,-121.92112626851304
2233,-0.12893334,-121.92112626851304
2234,-0.1589,-121.92112626851304
2235,0.7461602,-121.86231360927923
2236,-0.15366666,-121.86231360927923
2237,-0.12996666,-121.86231360927923
2238,-0.14051667,-121.86231360927923
2239,-0.15745,-121.86231360927923
2240,0.26536363,-121.84255867236061
2241,-0.14175,-121.91544449859066
2242,0.23501712,-122.18093458347721
2243,0.1250083,-122.48257250123424
2244,-0.15666667,-122.75978941255016
2245,-0.15645,-122.88668303721352
2246,-0.13365,-122.96324651472969
2247,0.27869132,-123.11837278836174
2248,-0.15673333,-123.24479009740753
2249,-0.06480267,-123.29302846052451
2250,0.25193685,-123.2788564345683
2251,-0.21761666,-123.2788564345683
2252,-0.0656673,-123.26512630999787
2253,-0.26668334,-123.26512630999787
2254,-0.016939178,-123.25323602341814
2255,-0.14145,-123.25323602341814
2256,-0.12981667,-123.25323602341814
2257,-0.13223758,-123.25178354961099
2258,-0.15858333,-123.25178354961099
2259,-0.15576667,-123.25178354961099
2260,-0.13571666,-123.25178354961099
2261,1.2611967,-123.16086176020326
2262,-0.15688333,-123.16086176020326
2263,-0.1576,-123.16086176020326
2264,-0.1443,-123.18801417929353
2265,-0.12876667,-123.31413765234174
2266,-0.14691667,-123.43386877310695
2267,0.028568357,-123.50038020295324
2268,-0.15885,-123.62685200554552
2269,-0.13411666,-123.75443117303075
2270,-0.13021667,-123.95477560145082
2271,-0.2148,-124.10875308496179
2272,0.6073098,-124.01761625689687
2273,-1.5535333,-124.08282776904525
2274,-0.91672194,-123.88105421495857
2275,-0.19550887,-123.58572515082778
2276,0.0,-123.24461381864967
2277,0.0,-123.00577782822074
2278,0.60593206,-122.95464891177835
2279,-0.14523333,-122.95464891177835
2280,0.031042315,-122.94006774463924
2281,-0.17648333,-122.94006774463924
2282,0.41373166,-122.90341760480078
2283,-0.1793,-122.90341760480078
2284,-0.1911,-122.90341760480078
2285,-0.15491667,-122.90341760480078
2286,-0.17305,-122.90341760480078
2287,-0.056228116,-122.81628591829212
2288,-0.5912,-122.83331295178505
2289,-0.19047676,-122.8539048571256
2290,-0.25036666,-122.89367864542874
2291,0.58462375,-122.95591885485919
2292,0.21730371,-123.0167126719025
2293,-0.17396666,-123.15823375323089
2294,-0.16555572,-123.31660733261378
2295,-0.15743333,-123.47659786680015
2296,-0.14105,-123.4922840379295
2297,-0.061398227,-123.52742914558621
2298,-0.23211667,-123.531964391761
2299,0.07901968,-123.51116202987032
2300,-0.22623333,-123.51116202987032
2301,0.10830202,-123.48943673289614
2302,-0.17866667,-123.48943673289614
2303,0.086603,-123.4730814549257
2304,-0.070043795,-123.4683219686267
2305,0.1536301,-123.447752929118
2306,-0.17515,-123.447752929118
2307,-0.16871667,-123.447752929118
2308,-0.14456667,-123.447752929118
2309,0.43602148,-123.40926286840113
2310,-0.1725,-123.40926286840113
2311,-0.17145,-123.40926286840113
2312,-0.14483333,-123.41604139033007
2313,-0.14585,-123.42807749315398
2314,-0.17081666,-123.45034602127271
2315,-0.17026667,-123.55635782919126
2316,-0.15373333,-123.59682090050774
2317,0.10879412,-123.62117768108146
2318,-0.16833334,-123.72058849810855
2319,-0.16973333,-123.87057920574443
2320,0.49304956,-124.02210509061115
2321,-1.0765673,-124.08937055646675
2322,-0.4128844,-123.71046740590828
2323,-0.2882171,-123.47720410703914
2324,0.28335133,-123.24024652718799
2325,0.29744446,-123.19919397338526
2326,1.7611401,-123.07094854518073
2327,-0.1749,-123.07094854518073
2328,-0.1719,-123.07094854518073
2329,-0.14601667,-123.07094854518073
2330,0.107161194,-123.05368706799345
2331,-0.17591667,-123.05368706799345
2332,0.3987215,-123.01626409060555
2333,-0.15035799,-123.01592552699731
2334,-0.14308333,-123.01592552699731
2335,-0.42495,-123.01592552699731
2336,-0.7622341,-123.1239134077041
2337,-0.34041667,-123.28092935719178
2338,-0.17033334,-123.54348781742738
2339,-0.16438334,-123.88808190860436
2340,-0.16258334,-124.03051681854413
2341,-0.021277413,-124.37638981678174
2342,-0.16093333,-124.71859695055173
2343,-0.17221667,-124.97284521200345
2344,-0.17173333,-125.13998407163308
2345,0.14349699,-125.22339107879088
2346,-0.27841666,-125.26310788132832
2347,0.0,-125.22188271619962
2348,0.0,-125.19363480099128
2349,0.0,-125.17376321778283
2350,0.0,-125.1608704686223
2351,0.0,-125.15061238632188
2352,0.09984628,-125.13286654689
2353,0.27542797,-125.10376747921691
2354,-0.15605,-125.10376747921691
2355,0.31327066,-125.07404163703904
2356,-0.17001666,-125.07404163703904
2357,0.024869293,-125.06122346725897
2358,0.20837018,-125.03676699046628
2359,0.0078025125,-124.96701346282498
2360,0.04132406,-124.95700709559605
2361,-0.25868332,-125.01941293143318
2362,0.037827753,-125.18040416800068
2363,-0.27693334,-125.47155208550976
2364,-0.14283334,-125.62618213557289
2365,0.13411541,-125.94578829072998
2366,0.45010814,-126.08075512610958
2367,-0.16648333,-126.14232910462306
2368,-0.116610646,-126.17566515915678
2369,0.66813487,-125.67142536156462
2370,-2.0,-125.48310679607675
2371,-1.2452073,-125.33998378031538
2372,-0.40026668,-125.33998378031538
2373,0.120636515,-125.31334549226449
2374,0.865839,-125.24478204586194
2375,0.75585306,-125.18418018185184
2376,-0.17781667,-125.18418018185184
2377,0.7233794,-125.1273379404156
2378,-0.14633334,-125.1273379404156
2379,0.42761615,-125.08804872297333
2380,0.47285703,-125.04576035254286
2381,-0.15528333,-125.04576035254286
2382,-0.14145,-125.04576035254286
2383,0.37954992,-124.99491627924726
2384,-0.82150394,-125.01976658814237
2385,-0.8015,-125.044675888872
2386,-0.3787,-125.1417128838657
2387,-0.38803,-125.24541305974708
2388,-0.07613877,-125.32165787593112
2389,-0.34843335,-125.45121515766368
2390,0.15709722,-125.57878243402229
2391,-0.45782307,-125.65689818785177
2392,-0.35041666,-125.73814703003154
2393,-0.2028201,-125.83663463071571
2394,-0.29841566,-125.83945539678098
2395,-0.24593145,-125.82843452497036
2396,0.38814715,-125.78634938030154
2397,0.66017246,-125.72697258918197
2398,-0.26625,-125.72697258918197
2399,-0.19048333,-125.72697258918197
2400,0.0064186156,-125.71639262969256
2401,-0.17393333,-125.71639262969256
2402,0.2571303,-125.68759457851411
2403,-0.18171667,-125.68759457851411
2404,0.7237853,-125.63044211725355
2405,-0.16851667,-125.63044211725355
2406,1.0080744,-125.55289444784285
2407,0.6613556,-125.49793766895891
2408,0.45344082,-125.44839445213438
2409,-0.25204527,-125.36148547838093
2410,-1.0931833,-125.45116422037245
2411,-0.5919667,-125.60564105669619
2412,-0.36693335,-125.92677586237551
2413,-0.3708813,-126.21619068543077
2414,-1.3394042,-126.49776165644289
2415,-0.30936667,-126.74313660422922
2416,-0.31515,-126.92752857963205
2417,-0.098377585,-126.98083056966425
2418,0.6689319,-126.92369534159661
2419,0.25114134,-126.82975249821902
2420,-0.8415,-126.82975249821902
2421,0.22743621,-126.73173122937442
2422,-0.07621123,-126.6950177931285
2423,0.16192709,-126.67229203405441
2424,-0.163,-126.67229203405441
2425,-0.14421667,-126.67229203405441
2426,0.79371995,-126.60984632643522
2427,-0.17551666,-126.60984632643522
2428,-0.171,-126.60984632643522
2429,-0.14405,-126.60984632643522
2430,-0.15643333,-126.60984632643522
2431,-0.31136668,-126.60984632643522
2432,0.09512839,-126.55048688771785
2433,-0.0881768,-126.57665603319765
2434,-0.20143333,-126.72512214342714
2435,-0.16436666,-127.01562013188959
2436,-0.1407,-127.202587609092
2437,-0.50836664,-127.26383060301305
2438,-0.29910028,-127.37432434494258
2439,-0.2188,-127.47114817882539
2440,-0.05949278,-127.64888498271466
2441,-0.0048949122,-127.68013756434084
2442,-0.36391667,-127.68013756434084
2443,-0.44698334,-127.68013756434084
2444,-0.07180209,-127.65275428342284
2445,0.0,-127.62541528503061
2446,0.0,-127.60948053645552
2447,0.0,-127.5987967037654
2448,-0.03695634,-127.59203819921822
2449,0.04673955,-127.57769446252496
2450,1.2297363,-127.48646677462966
2451,-0.16596666,-127.48646677462966
2452,-0.1448,-127.48646677462966
2453,-0.1599,-127.48646677462966
2454,-0.1722,-127.48646677462966
2455,0.29159376,-127.41192720262916
2456,-0.46823335,-127.49666637359769
2457,-0.30055,-127.67770920871408
2458,-0.22758378,-127.93672286151559
2459,0.857134,-128.14428749858052
2460,-0.30151665,-128.44392648516805
2461,-0.42885,-128.77308219848783
2462,-0.5043667,-129.07941654502065
2463,-0.34133333,-129.33687785445363
2464,0.8216122,-129.30803653030307
2465,-0.6994933,-129.040921443986
2466,0.20285448,-128.59300213484676
2467,0.9824354,-128.27595692305476
2468,-0.593321,-128.2471307887754
2469,-0.42303333,-128.2471307887754
2470,0.19728695,-128.22249555392773
2471,0.47860602,-128.18045858098776
2472,-0.11861706,-128.16879219087423
2473,-0.22195,-128.16879219087423
2474,-0.14641666,-128.16879219087423
2475,-0.14305949,-128.16754480803502
2476,-0.17815,-128.16754480803502
2477,-0.109734416,-128.16409662811202
2478,-0.13813333,-128.16409662811202
2479,-0.3367,-128.16409662811202
2480,-0.58786666,-128.25524070559186
2481,-0.40258333,-128.31911025641602
2482,0.9288569,-128.256265212578
2483,-0.37985,-128.52688505200786
2484,-0.29248333,-128.9130938842718
2485,0.008613646,-129.23417614845675
2486,-0.29138333,-129.5644349649374
2487,0.4432298,-129.77256882635993
2488,0.2760544,-129.92666894642753
2489,0.24097204,-129.93700650220853
2490,-0.04332778,-129.93252293232945
2491,0.4226156,-129.88905967239407
2492,-0.49588674,-129.83803922895459
2493,-1.3002099,-129.67925136748818
2494,0.0,-129.48967346016434
2495,0.0,-129.47978371035424
2496,0.4802492,-129.43833109762636
2497,-0.18283333,-129.43833109762636
2498,-0.17791666,-129.43833109762636
2499,-0.15898333,-129.43833109762636
2500,-0.16206667,-129.43833109762636
2501,0.0017433991,-129.42662936009583
2502,0.030305766,-129.41332348555443
2503,0.34716424,-129.31356040507671
2504,-0.1626872,-129.32729160159943
2505,0.22260827,-129.30232793212053
2506,0.28351995,-129.49775098383543
2507,-0.1602,-129.79001979649183
2508,-0.15948333,-129.97056485831854
2509,0.03357889,-130.15747493624804
2510,-0.84708697,-130.34515649199602
2511,0.8624795,-130.45294399678824
2512,-0.1851892,-130.4831154004496
2513,-0.30058333,-130.59480147369322
2514,-0.38164312,-130.59511138804373
2515,0.51371336,-130.53448610313353
2516,-0.6011,-130.53448610313353
2517,-0.41598332,-130.53448610313353
2518,-0.20563333,-130.53448610313353
2519,-0.17046666,-130.53448610313353
2520,0.007960722,-130.5225015732285
2521,-0.16233334,-130.5225015732285
2522,0.41233534,-130.48647519227234
2523,-0.16695,-130.48647519227234
2524,0.60939944,-130.4353440630075
2525,-0.16618334,-130.4353440630075
2526,-0.14395,-130.4353440630075
2527,-0.5124,-130.4353440630075
2528,0.93890816,-130.30257151302067
2529,-0.09903358,-130.4599091934797
2530,-0.13161667,-130.71854539986816
2531,0.36715588,-130.9689212369558
2532,-0.17715,-131.32947214719024
2533,-0.14247805,-131.41536033924785
2534,-0.50892043,-131.45395127337542
2535,-0.840417,-131.24980542462436
2536,-0.059344664,-131.31329384099809
2537,0.113120526,-131.33029057111708
2538,-0.30678332,-131.34626741733518
2539,-0.34005,-131.34626741733518
2540,-0.31468335,-131.34626741733518
2541,0.04854393,-131.32313973110286
2542,-0.07324891,-131.31037041105446
2543,-0.03956164,-131.2958339175966
2544,0.6902031,-131.2399521342304
2545,-0.056510836,-131.23423933869344
2546,0.38191217,-131.19763921832782
2547,0.23721814,-131.1705070406024
2548,-0.1558,-131.1705070406024
2549,-0.14866666,-131.1705070406024
2550,-0.17888333,-131.1705070406024
2551,-0.4618,-131.1705070406024
2552,-0.33233622,-131.26752119211596
2553,0.08782044,-131.24006659610313
2554,0.5555685,-131.31998505516094
2555,-0.8588,-131.63854181094212
2556,-0.41754913,-131.95329027695698
2557,-0.65861666,-132.17216888887924
2558,0.5072098,-132.3303007565264
2559,0.8478726,-132.3367538175371
2560,-0.30912784,-132.51166987631586
2561,0.7988359,-132.4331591821101
2562,-0.47652066,-132.42894807390985
2563,-0.88812834,-132.42613758172956
2564,0.25604826,-132.30010378386942
2565,-0.34882265,-132.268704843038
2566,-0.21745,-132.268704843038
2567,0.47432613,-132.22535898190108
2568,-0.18278334,-132.22535898190108
2569,0.07279016,-132.2103706219059
2570,-0.18541667,-132.2103706219059
2571,0.279806,-132.17948981866357
2572,-0.17211667,-132.17948981866357
2573,-0.10046628,-132.17592996012536
2574,0.9029586,-132.10474032562342
2575,0.16384222,-132.07025941487518
2576,-0.4428,-132.08083880439517
2577,-0.11199531,-132.1199514803302
2578,0.16579457,-132.24612490207073
2579,-0.2414708,-132.49066030353424
2580,-0.23656666,-132.61586804062244
2581,0.13179551,-132.7003120270383
2582,-0.5083333,-133.0246735897672
2583,-0.32903305,-133.16710447639343
2584,0.1831363,-133.23513752341387
2585,0.20522957,-133.23861041784403
2586,-0.44095,-133.28106480583665
2587,-0.40152517,-133.2730443601322
2588,0.34353122,-133.2052830879402
2589,-0.16870205,-133.09863013520953
2590,-0.052223787,-133.08999534815666
2591,-0.18198334,-133.08999534815666
2592,-0.1878,-133.08999534815666
2593,0.36062893,-133.05606779947993
2594,0.2608477,-133.02886870250222
2595,0.32230663,-132.99569444105146
2596,-0.19608334,-132.99569444105146
2597,-0.31053334,-132.99569444105146
2598,0.5765877,-132.9447482463729
2599,-0.46486667,-132.9447482463729
2600,-0.57453334,-132.9993760821235
2601,0.4867836,-132.96889058806119
2602,-0.80605,-133.18520323492703
2603,0.20539571,-133.40842452205834
2604,-0.30516666,-133.70822217621026
2605,0.040399157,-133.96300065077958
2606,0.55812126,-134.1566798046988
2607,0.08714068,-134.36248541928944
2608,-0.24578333,-134.54685259916005
2609,-1.2294891,-134.5007598020893
2610,-0.21589792,-133.93751504205284
2611,-0.46868035,-133.6938905187708
2612,-0.6722031,-133.45195531033096
2613,0.3132329,-133.19513817809639
2614,-0.1955,-133.19513817809639
2615,-0.007904701,-133.18353815030423
2616,-0.20036666,-133.18353815030423
2617,-0.15938333,-133.18353815030423
2618,0.081608415,-133.16628768693772
2619,-0.20015,-133.16628768693772
2620,-0.17343333,-133.16628768693772
2621,-0.16018334,-133.16628768693772
2622,-0.21885,-133.16628768693772
2623,-0.6756833,-133.16628768693772
2624,-0.4426,-133.18840536128846
2625,-0.46973333,-133.22753975939122
2626,-0.2058,-133.31976215940085
2627,-0.17611666,-133.55351946156588
2628,0.6532992,-133.7858028600749
2629,-0.14313333,-134.1039180646476
2630,0.10171135,-134.32986365657416
2631,-0.17718333,-134.56368317108718
2632,-0.16455,-134.72462310295668
2633,-0.17286667,-134.8301670665678
2634,-0.046391565,-134.58322944890824
2635,0.030667685,-134.55129705023137
2636,0.05363463,-134.519820716494
2637,-0.0788072,-134.36789559971658
2638,0.0,-134.34921460066107
2639,0.0,-134.33506626755116
2640,-0.1513,-134.33506626755116
2641,0.09354806,-134.31680031053838
2642,-0.18726666,-134.31680031053838
2643,-0.15975,-134.31680031053838
2644,1.3584461,-134.21831472896156
2645,-0.18631667,-134.21831472896156
2646,-0.18611667,-134.21831472896156
2647,0.07119942,-134.16575460814056
2648,-0.46878332,-134.1780383505684
2649,0.014443636,-134.21168231524643
2650,-0.17361666,-134.31578547813115
2651,-0.1552,-134.4493184045714
2652,0.3175258,-134.58445839144406
2653,0.5892406,-134.66823499210295
2654,-0.34358335,-134.7457394853991
2655,0.0510463,-134.9457990185183
2656,-0.15181667,-135.1260802105826
2657,0.30252936,-135.1925182075065
2658,-2.0,-135.1180166930717
2659,0.47576374,-134.79007563300547
2660,-1.1858981,-134.6184202612203
2661,-0.49614257,-134.48796153374133
2662,-0.14251354,-134.48074524782714
2663,0.0,-134.46536733143148
2664,-0.15818334,-134.46536733143148
2665,0.26809022,-134.43651771851
2666,0.27384073,-134.40614598922548
2667,1.0505642,-134.3261636563402
2668,1.0975535,-134.24454509399948
2669,-0.12535566,-134.24100621187245
2670,-0.27476665,-134.24100621187245
2671,-0.45205405,-134.23881994726253
2672,-0.17810878,-134.23960409706342
2673,-0.098129526,-134.28033932318795
2674,-0.16231667,-134.4058603720914
2675,-0.16846667,-134.475013606454
2676,1.1997477,-134.50582535771537
2677,0.40957463,-134.73371720520663
2678,-0.42845,-135.02673360912013
2679,0.070201755,-135.25945770947146
2680,-0.17365,-135.40646255222964
2681,-0.17246336,-135.50679097531247
2682,-0.559537,-135.04577402232098
2683,-0.500796,-134.70882893560338
2684,-1.3975174,-134.58836882023024
2685,-0.37653333,-134.58836882023024
2686,-0.10878053,-134.5798406379472
2687,0.104822814,-134.5630724040966
2688,1.9181153,-134.42681733352947
2689,0.6463795,-134.37268991974997
2690,0.7650099,-134.311365029047
2691,0.03889036,-134.29878815656411
2692,0.0025844574,-134.28744666671264
2693,-0.03692177,-134.27770891526598
2694,0.040274143,-134.2631365128036
2695,-0.8714089,-134.1676202781673
2696,-0.32053334,-134.185813267919
2697,-0.27811667,-134.20750220419723
2698,0.5387568,-134.22697547936696
2699,-0.17411667,-134.32813145333785
2700,0.35707337,-134.3271391853632
2701,0.4817739,-134.36243402733817
2702,0.22581139,-134.44677274450078
2703,0.21523952,-134.53697342946543
2704,-0.27016667,-134.67020238711848
2705,-0.38298333,-134.71820201500668
2706,-1.6563407,-134.7179276800889
2707,-0.23242268,-134.64308924294892
2708,-0.64991903,-134.5897103144962
2709,-1.2530072,-134.47761394522968
2710,0.16530338,-134.4395508102316
2711,0.5198126,-134.39371416412177
2712,-0.028626814,-134.3391094065446
2713,1.4823645,-134.23272080041352
2714,-0.1815,-134.23272080041352
2715,-0.1907,-134.23272080041352
2716,1.0891331,-134.1505597314972
2717,-0.02122851,-134.14193175148102
2718,1.1083627,-134.05803001087043
2719,-0.52741665,-134.05803001087043
2720,0.70683384,-133.97192984979483
2721,-0.26648334,-134.04951776724192
2722,-0.30967838,-133.88881202202174
2723,0.06961284,-133.7901733831677
2724,-0.7000167,-134.10368645351264
2725,-0.3123946,-134.27033610802027
2726,-0.2361,-134.38419810842606
2727,-0.16961072,-134.62922492038342
2728,0.0804342,-134.43081202518078
2729,-0.86016643,-134.1385486961517
2730,0.2095869,-133.9183819682512
2731,0.0006555319,-133.85233078312012
2732,-1.79485,-133.85233078312012
2733,-1.7120334,-133.85233078312012
2734,0.00029730797,-133.74194146852824
2735,0.0,-133.69188497003051
2736,0.37003756,-133.61864270057413
2737,-0.1932,-133.61864270057413
2738,-0.72963333,-133.61864270057413
2739,-0.15273333,-133.61864270057413
2740,0.82675374,-133.51667804058525
2741,-0.18536666,-133.51667804058525
2742,-0.16415,-133.51667804058525
2743,-0.121843755,-133.50287163510802
2744,-0.6917667,-133.5273587188858
2745,1.1747813,-133.5161491005856
2746,-0.28606668,-133.69268662921968
2747,-0.2892802,-133.72813495315495
2748,-0.41004658,-133.85099896110478
2749,-0.58710426,-134.0159208557743
2750,-0.35308474,-134.12638560749474
2751,-0.52713335,-134.30540431357804
2752,-0.35505062,-134.4555235437292
2753,-0.055077463,-134.49074840985122
2754,-0.07143495,-134.47034255295875
2755,0.0,-134.44126805543783
2756,0.0,-134.4116973883647
2757,0.0,-134.395342305972
2758,0.0,-134.384014973155
2759,0.0,-134.36970630727592
2760,1.8194356,-134.23102757774177
2761,0.1735034,-134.20798160761478
2762,1.3079877,-134.11094824850443
2763,0.06603956,-134.09472276151064
2764,0.003942013,-134.08404919758323
2765,0.0008368492,-134.0738537197176
2766,0.00068187714,-134.06184073138866
2767,-0.64935,-134.06184073138866
2768,0.6848402,-133.97027467537555
2769,0.03488207,-134.00478463593754
2770,-0.3249,-134.11039438817534
2771,-0.18666886,-134.16993126246962
2772,-0.61545646,-134.2680656981829
2773,-0.95122206,-134.32959471616778
2774,-0.20614384,-134.45637764010462
2775,-0.55227745,-134.54227930281195
2776,-0.77748334,-134.61902644459042
2777,0.5884798,-134.49176200453076
2778,-0.8416319,-134.30660413924488
2779,-0.34325653,-134.03915338937077
2780,-0.47300273,-133.81969081584248
2781,0.069232374,-133.67096438232693
2782,-0.19884866,-133.66234962802264
2783,-0.1795,-133.66234962802264
2784,1.0947022,-133.58060873459908
2785,0.5862041,-133.53106980558368
2786,-0.16163333,-133.53106980558368
2787,-0.15896666,-133.53106980558368
2788,-0.17838334,-133.53106980558368
2789,-0.17993334,-133.53106980558368
2790,-0.17908333,-133.53106980558368
2791,-0.54285,-133.53106980558368
2792,-0.036537264,-133.46695057835313
2793,0.66630095,-133.3921254032466
2794,0.23828866,-133.3831265864137
2795,0.6114614,-133.31213518205914
2796,0.3420414,-133.32403600375983
2797,-0.25642443,-133.415047550312
2798,0.63324016,-133.32840091150138
2799,-0.54788333,-133.4098553971562
2800,0.32316852,-133.39973130795988
2801,-0.47336668,-133.4518426952127
2802,0.031660285,-133.43607719961437
2803,-0.10226741,-133.4092127510521
2804,-0.5981,-133.4092127510521
2805,-0.53856665,-133.4092127510521
2806,-0.18716666,-133.4092127510521
2807,-0.054567453,-133.40064796965453
2808,-0.014104009,-133.39113331373665
2809,-0.18266666,-133.39113331373665
2810,-0.19885,-133.39113331373665
2811,-0.30771667,-133.39113331373665
2812,-0.17896667,-133.39113331373665
2813,-0.1804,-133.39113331373665
2814,1.4575639,-133.28490833725664
2815,-0.55546665,-133.28490833725664
2816,-0.3258107,-133.38329701658222
2817,-0.59578335,-133.51518828209373
2818,0.11654508,-133.6848178410146
2819,-0.29958335,-133.94832154150936
2820,-0.13240373,-134.23458879228565
2821,0.09440056,-134.47872224982711
2822,0.82248604,-134.6502449863765
2823,-0.1722,-134.89118741985294
2824,-0.14488333,-135.0725823843095
2825,-0.17041816,-134.95854541446897
2826,-0.6576513,-134.7087553718302
2827,-1.2207024,-134.5295722016308
2828,0.0,-134.45511904146406
2829,0.0,-134.43519654285046
2830,0.0,-134.42035704266164
2831,0.0,-134.40963854242
2832,-0.15686667,-134.40963854242
2833,0.18253383,-134.38561234410736
2834,-0.18738334,-134.38561234410736
2835,-0.1695,-134.38561234410736
2836,-0.15616667,-134.38561234410736
2837,-0.07569349,-134.37867208730313
2838,-0.18538333,-134.37867208730313
2839,1.9877963,-134.16439003657433
2840,-0.41225,-134.3082523138437
2841,-0.54588336,-134.4549912006769
2842,0.59778863,-134.58352906416985
2843,-0.16198333,-134.84700430344674
2844,-0.17728333,-135.13801584552857
2845,-0.21293333,-135.43291182231042
2846,-0.20053226,-135.61820017706486
2847,-0.5643,-135.85392890285584
2848,-0.16496667,-136.03361355673405
2849,-1.160481,-136.0526570023212
2850,-0.22101079,-136.1013743893418
2851,0.26532793,-136.06656832408044
2852,0.20383298,-136.03659251492354
2853,-0.21938333,-136.03659251492354
2854,0.06393182,-135.92658336620661
2855,-1.0877467,-135.73659464876982
2856,-0.87412393,-135.506040127686
2857,-0.4978757,-135.36205704670283
2858,-0.17428334,-135.36205704670283
2859,-0.1572,-135.36205704670283
2860,-0.17976667,-135.36205704670283
2861,-0.18666667,-135.36205704670283
2862,-0.18236667,-135.36205704670283
2863,-0.54183334,-135.36785831322777
2864,0.15021554,-135.45670457204687
2865,-0.39576957,-135.44046983888256
2866,0.0,-135.59666667153942
2867,1.6975044,-135.66917865743744
2868,0.14038184,-135.934915565158
2869,1.0490124,-136.11425334980595
2870,-0.27721667,-136.3935218231927
2871,-0.2087,-136.63337441554177
2872,-0.13311666,-136.81165782382595
2873,-0.12765,-136.92186188718188
2874,-0.06757678,-136.95578289797413
2875,-0.23548333,-136.95578289797413
2876,0.24394253,-136.92437430119026
2877,-0.19085,-136.92437430119026
2878,0.14139427,-136.90597534013796
2879,-0.15996666,-136.90597534013796
2880,-0.16075,-136.90597534013796
2881,-0.14641666,-136.90597534013796
2882,-0.13163333,-136.90597534013796
2883,-0.14811666,-136.90597534013796
2884,-0.1628,-136.90597534013796
2885,0.2636625,-136.8783993611287
2886,-0.1362,-136.8783993611287
2887,0.3864695,-136.85520454516518
2888,-0.15846667,-136.99583447744953
2889,-0.11802031,-137.07733041068423
2890,-0.07938455,-137.21858079751837
2891,-0.13148333,-137.38318665346014
2892,-0.022825764,-137.67207916101324
2893,-0.15845,-137.9788272829901
2894,-0.15965,-138.26696516593802
2895,-0.14616667,-138.50449980815756
2896,0.5449461,-138.61511040499317
2897,-0.14803334,-138.73361510058749
2898,-0.21938333,-138.75599976463127
2899,0.70680505,-138.694639438967
2900,0.0881369,-138.67453362626838
2901,0.053802956,-138.65874710140633
2902,-0.16366667,-138.65874710140633
2903,1.0277908,-138.58151578364777
2904,-0.15231666,-138.58151578364777
2905,0.12610787,-138.56478318964946
2906,0.45451078,-138.52593307589996
2907,1.0486369,-138.44734134917962
2908,-0.16223334,-138.44734134917962
2909,-0.1382,-138.44734134917962
2910,-0.13011667,-138.44734134917962
2911,-0.15675,-138.44734134917962
2912,-0.15908334,-138.47516578083741
2913,-0.15361667,-138.53027438765275
2914,-0.13148333,-138.58473960330593
2915,-0.13868333,-138.6105638409208
2916,-0.159,-138.76194022243726
2917,0.49836046,-139.03225780671346
2918,-0.14373334,-139.16444207375753
2919,-0.1299,-139.29612302427995
2920,-0.14913334,-139.38336087411153
2921,-0.1591,-139.4390605392109
2922,-0.21658333,-139.45634708946454
2923,-0.213,-139.45634708946454
2924,-0.12584722,-139.45036365950364
2925,-0.21756667,-139.45036365950364
2926,-0.16241667,-139.45036365950364
2927,0.29536316,-139.4214378047909
2928,-0.13158333,-139.4214378047909
2929,-0.1425,-139.4214378047909
2930,-0.15836667,-139.4214378047909
2931,-0.15948333,-139.4214378047909
2932,-0.1411,-139.4214378047909
2933,-0.12921667,-139.4214378047909
2934,-0.15281667,-139.4214378047909
2935,-0.158,-139.4317759575497
2936,-0.15543333,-139.45943318327772
2937,-0.12875,-139.5329870211135
2938,0.15800947,-139.66375461986172
2939,-0.13444236,-139.86051840355503
2940,-0.15638334,-140.17047680189717
2941,0.3529577,-140.32054363956559
2942,-0.25566453,-140.10077065994847
2943,-0.26523533,-140.14560498690116
2944,-1.2867837,-139.8976040968846
2945,0.0,-139.60487516617286
2946,0.0,-139.3456915805291
2947,0.0,-139.15895525013912
2948,0.0,-139.11143916493165
2949,0.08662507,-139.08328495381284
2950,0.06955816,-139.06605292318272
2951,-0.14709407,-139.0635186212312
2952,-0.7510833,-139.0635186212312
2953,-0.1762,-139.0635186212312
2954,-0.15631667,-139.0635186212312
2955,-0.18128334,-139.0635186212312
2956,-0.18831667,-139.0635186212312
2957,-0.17945,-139.0635186212312
2958,-0.15641667,-139.0635186212312
2959,-0.015560985,-139.03487006036448
2960,0.11043395,-138.91353991089272
2961,-0.32165,-138.98406436500954
2962,-0.0063256323,-139.17773720083642
2963,-0.17595,-139.27419842241216
2964,-0.10168168,-139.5493387079041
2965,-0.020138457,-139.80634857175755
2966,-0.1655,-140.0661507344048
2967,-0.013394579,-140.26931817291188
2968,-0.1219797,-140.43073045669007
2969,-0.14773333,-140.5328271111648
2970,-0.2628862,-140.36263285783934
2971,0.0,-140.29154669700074
2972,0.0,-140.1605175381701
2973,0.0,-140.10118662400055
2974,0.0,-140.08952020780998
2975,0.0,-140.07730995790916
2976,-0.019009978,-140.06611435694504
2977,-0.16431667,-140.06611435694504
2978,-0.16311666,-140.06611435694504
2979,-0.19301666,-140.06611435694504
2980,0.89211714,-139.9955134971242
2981,0.08194716,-139.97916834821808
2982,0.22308366,-139.95444124398637
2983,-0.06660028,-139.93710941282916
2984,-0.555,-139.99671408740687
2985,-0.31201667,-140.07110126523185
2986,-0.1641,-140.13860503045726
2987,-0.17576666,-140.32401436773944
2988,-0.15045,-140.49080218581366
2989,0.3912621,-140.59259497580933
2990,-0.17486666,-140.7289032137196
2991,-0.31156057,-140.747455327044
2992,-2.0,-140.85170049054432
2993,-0.0140895,-140.5516589639883
2994,0.0,-140.24028215391445
2995,0.99537456,-139.93490625006962
2996,-0.73015,-139.93490625006962
2997,-0.17574689,-139.80971064252662
2998,0.0,-139.7968655593868
2999,0.0,-139.78543205952155
3000,1.0949672,-139.7013068610977
3001,1.964553,-139.56109517460573
3002,-0.16216667,-139.56109517460573
3003,-0.17098333,-139.56109517460573
3004,0.6466999,-139.46892951821792
3005,0.03297472,-139.45448057932663
3006,-0.098721996,-139.45021800950053
3007,0.10684681,-139.2879166181374
3008,-0.37089,-139.06810762241366
3009,0.39703274,-139.00292384132626
3010,0.0204916,-139.16322519883397
3011,-0.102694005,-139.18112272091093
3012,-0.020732224,-139.28115861929837
3013,-0.2659816,-139.3396676114935
3014,-0.8179453,-139.558548741712
3015,0.6089604,-139.5570755370136
3016,-0.25558335,-139.72081627623993
3017,-0.25515097,-139.6241853229876
3018,-0.39035854,-139.57746896074968
3019,-0.6735246,-139.50246489720303
3020,-0.3881,-139.50246489720303
3021,-0.93386966,-139.45155383946258
3022,-0.17935,-139.45155383946258
3023,-0.17221023,-139.45088825476705
3024,-0.17616017,-139.45012191592832
3025,-0.26419595,-139.4468413198192
3026,0.53214717,-139.3979214222927
3027,-0.11609699,-139.39382514337194
3028,-0.16245,-139.39382514337194
3029,1.1713107,-139.30734195539844
3030,0.46795985,-139.26492556536687
3031,-0.85171425,-139.23668045716477
3032,-0.38849849,-139.19835828783107
3033,-0.5910224,-139.37631407918525
3034,-0.25128335,-139.5617557221849
3035,0.9288583,-139.64790899844957
3036,-0.7289037,-139.72594353349996
3037,-0.31658334,-139.81766314597917
3038,-0.1631,-140.10553629489732
3039,0.40552947,-140.1969347500999
3040,-0.29281667,-140.36750872971606
3041,0.7297621,-140.37172743937117
3042,-0.86851704,-140.3353065837
3043,0.52344984,-140.2383948478673
3044,0.714658,-140.08179850017768
3045,0.3245973,-139.93879108762485
3046,-0.2524,-139.93879108762485
3047,-0.42103142,-139.9149272989307
3048,-0.16831094,-139.91337776035652
3049,-0.19071667,-139.91337776035652
3050,-0.8369333,-139.91337776035652
3051,-0.16065,-139.91337776035652
3052,-0.066682935,-139.9053090674861
3053,-0.1888,-139.9053090674861
3054,0.008923706,-139.8947352761461
3055,0.60263413,-139.84764386658208
3056,-0.28964704,-139.80849496964947
3057,0.11244166,-139.71358618084923
3058,-0.2600965,-139.7852521458699
3059,-0.37514657,-139.861051119311
3060,-0.3233056,-139.99436128829257
3061,0.6015332,-140.0033791497408
3062,-0.4209,-140.1564651861845
3063,-0.31308332,-140.22956632674322
3064,-0.008980751,-140.1846484154521
3065,-0.65547776,-140.1820263847767
3066,0.56248146,-140.1080792605935
3067,0.29305032,-140.02160866410122
3068,-0.36661667,-140.02160866410122
3069,-0.31863335,-140.02160866410122
3070,-0.088879384,-140.01339024156914
3071,0.019985318,-139.99259769768105
3072,-0.1791,-139.99259769768105
3073,-0.08329475,-139.98613093970926
3074,0.7002213,-139.92900430588634
3075,0.457532,-139.88935656278045
3076,-0.16898334,-139.88935656278045
3077,-0.18525,-139.88935656278045
3078,-0.18288334,-139.88935656278045
3079,-0.29388332,-139.94101126669557
3080,0.44427162,-139.9290578913933
3081,-0.53045577,-140.1038268310076
3082,-0.25331667,-140.17442749711336
3083,-0.1957838,-139.9969857809192
3084,0.115943134,-139.8889403817302
3085,-0.9297838,-139.7523679313308
3086,-0.26400235,-139.72253322126926
3087,-0.5114167,-139.78277932005585
3088,0.5060594,-139.75163320908905
3089,0.036812752,-139.7432311856246
3090,0.14974856,-139.70870931530953
3091,-0.7947,-139.70870931530953
3092,-0.6139167,-139.70870931530953
3093,-0.016861772,-139.69071482951404
3094,0.0,-139.67861832948984
3095,0.0,-139.66814682996483
3096,0.5755449,-139.62084124973626
3097,-0.17651667,-139.62084124973626
3098,-0.18333334,-139.62084124973626
3099,0.11961426,-139.60172707392485
3100,-0.15363333,-139.60172707392485
3101,-0.10281648,-139.59735256191925
3102,-0.07698776,-139.59039676646353
3103,-0.16474281,-139.56794621693552
3104,-0.29816788,-139.585329991678
3105,0.0192132,-139.60808992097736
3106,0.7409988,-139.6872757569945
3107,0.084114954,-139.71704408052028
3108,-0.7879081,-139.83768040212453
3109,-0.81375134,-139.9386742291099
3110,0.13001364,-140.03314053537906
3111,-0.2549584,-140.2753656161076
3112,-0.31511667,-140.47452245178283
3113,-0.41861665,-140.58345839651884
3114,-0.0030361265,-140.5518521470076
3115,0.13718471,-140.44574389132322
3116,0.09828052,-140.40600740807713
3117,-0.42601666,-140.40600740807713
3118,-0.29181665,-140.40600740807713
3119,-0.18476667,-140.40600740807713
3120,-0.16263333,-140.40600740807713
3121,-0.14015678,-140.40490826478344
3122,-0.18835,-140.40490826478344
3123,0.23557761,-140.37739630488795
3124,-0.16836667,-140.37739630488795
3125,0.63157856,-140.32637378646177
3126,0.3424618,-140.29218626840157
3127,-0.49738333,-140.30201391482842
3128,-0.041438088,-140.26236125061405
3129,-0.1714733,-140.29797782728565
3130,-0.32736668,-140.44156933555496
3131,-0.30596668,-140.68617943653953
3132,-0.33341667,-140.92093574235332
3133,0.31772497,-141.1414993775834
3134,-0.2508,-141.41270319352043
3135,-0.22291017,-141.53764893094194
3136,0.99662185,-141.56955954412115
3137,0.6922461,-141.51936469579232
3138,0.9227739,-141.2793359121133
3139,-1.4277616,-141.04222966337693
3140,0.49274582,-140.7557966222812
3141,0.25724885,-140.52558728659642
3142,-0.21318333,-140.52558728659642
3143,0.45444688,-140.4838780721475
3144,1.1882291,-140.3949475174595
3145,0.19300514,-140.37235751727712
3146,0.6628244,-140.31842001507175
3147,0.26419082,-140.2891261948098
3148,-0.002670577,-140.2771826989774
3149,0.19941612,-140.25413590369863
3150,0.8243685,-140.1875259548251
3151,-0.22582978,-140.18795365391998
3152,-0.5797167,-140.1959578191745
3153,0.22162206,-140.20709966792492
3154,0.68118095,-140.32023766561178
3155,0.034698963,-140.56575299723772
3156,-0.21655,-140.86300514562754
3157,-0.022937573,-141.1495203517261
3158,0.25574636,-141.21019112615613
3159,0.013427258,-141.2455191865447
3160,-0.22423925,-141.40978385059861
3161,-0.9899831,-141.38814090116648
3162,-0.814793,-141.15968950017123
3163,-0.70762116,-140.9576232127729
3164,-0.99770427,-140.79002533777384
3165,-0.28738335,-140.79002533777384
3166,1.3645416,-140.69001796765951
3167,-0.17763333,-140.69001796765951
3168,-0.18168333,-140.69001796765951
3169,-0.17775,-140.69001796765951
3170,-0.15276666,-140.69001796765951
3171,-0.07776732,-140.68462301063119
3172,-0.18375,-140.68462301063119
3173,0.53562933,-140.63806052150903
3174,-0.15891667,-140.63806052150903
3175,-0.17204201,-140.6349991429015
3176,0.3340607,-140.60070678772172
3177,0.56747967,-140.56363823072752
3178,-0.9136673,-140.52834762440762
3179,1.2479613,-140.45488205360016
3180,-0.15688333,-140.638515723811
3181,-0.21475,-140.73785643087467
3182,-0.23246667,-141.01229162322124
3183,-0.16718334,-141.0475064459606
3184,-0.14635,-141.10374279873213
3185,0.5076309,-141.14743839012226
3186,-1.601697,-141.01473660574993
3187,-0.11463983,-140.78256352053722
3188,-0.5427833,-140.78256352053722
3189,-0.30991668,-140.78256352053722
3190,0.11708683,-140.76494937756797
3191,-0.153,-140.76494937756797
3192,1.1138557,-140.6807566768839
3193,2.0,-140.53924084076425
3194,-0.1451,-140.53924084076425
3195,0.39649343,-140.50337318697711
3196,0.02046442,-140.49040149984648
3197,0.001663208,-140.47885014110943
3198,0.00072288513,-140.4694767370238
3199,0.0006761551,-140.44566811056575
3200,0.0006737709,-140.4327655583038
3201,-0.052617908,-140.45693993003806
3202,0.056701183,-140.51340783195337
3203,0.0034751892,-140.5733805950149
3204,0.0008134842,-140.62554028065642
3205,-0.14353333,-140.729531990306
3206,0.033570677,-140.79373610200128
3207,-0.17451666,-140.9183865803643
3208,-0.17471667,-141.02898685069522
3209,-0.083159044,-140.8626241031452
3210,-1.1261708,-140.5977522674366
3211,-1.7968645,-140.48611895920476
3212,-1.0043634,-140.44863216759404
3213,-0.07251708,-140.39175611542305
3214,0.5736444,-140.34360772924265
3215,-0.16856667,-140.34360772924265
3216,0.68125165,-140.28894154162845
3217,0.39181376,-140.2540388982161
3218,-0.16643333,-140.2540388982161
3219,-0.17465,-140.2540388982161
3220,-0.17593333,-140.2540388982161
3221,-0.14668334,-140.2540388982161
3222,-0.27691665,-140.2540388982161
3223,0.40398568,-140.22716641234
3224,0.6654626,-140.18212567077717
3225,1.2594926,-140.11232832627138
3226,-0.40796667,-140.16272470535478
3227,-0.24683334,-140.27285268338164
3228,-0.2958,-140.50375285180053
3229,-0.19226667,-140.64247205288848
3230,-0.17176667,-140.72416712524137
3231,-0.14168334,-140.922309534566
3232,-0.15526667,-141.08926673413953
3233,-0.08076525,-141.1866873818799
3234,-0.2264,-141.22889182151994
3235,-0.20571667,-141.22931409062585
3236,-0.19548333,-141.22931409062585
3237,-0.19038333,-141.22931409062585
3238,-0.17003334,-141.22931409062585
3239,-0.14188333,-141.22931409062585
3240,0.031396363,-141.21678774425527
3241,-0.15053704,-141.21514348575147
3242,-0.16563334,-141.21514348575147
3243,-0.14128333,-141.21514348575147
3244,-0.011198219,-141.20535978750559
3245,-0.17511667,-141.20535978750559
3246,1.1801391,-141.11796149687143
3247,-0.1402,-141.13991708942922
3248,-0.15868333,-141.16240227484377
3249,-0.17401667,-141.25178068393143
3250,-0.16635,-141.43857839220436
3251,-0.14088333,-141.62407707684906
3252,-0.15746666,-141.72579848283203
3253,0.12709066,-141.98169132584007
3254,0.032196123,-142.18013026827248
3255,-0.5916847,-142.27961002552183
3256,1.1101596,-142.24884763621958
3257,-1.0529,-142.30406328180106
3258,-0.28755772,-142.13876237609657
3259,-1.241524,-142.13261602103012
3260,0.023793519,-142.10605527675943
3261,-0.5607983,-141.99003341264324
3262,0.0,-141.97754257946508
3263,0.0,-141.9286918307771
3264,-0.03626979,-141.9209126176429
3265,-0.39080775,-141.89077370782616
3266,0.6817002,-141.83447827940108
3267,0.84330326,-141.76856373791816
3268,0.3066005,-141.738322457124
3269,0.25990188,-141.67284891550662
3270,0.32389516,-141.6325362304342
3271,-0.41172844,-141.50445999001386
3272,-0.9645335,-141.52262905967655
3273,-0.5253644,-141.5815256087226
3274,0.10949457,-141.6704821063322
3275,-0.41028333,-141.91527841222705
3276,0.9622989,-142.05708787572803
3277,0.062327996,-142.2336277140421
3278,-0.27242738,-142.4119078142685
3279,-0.91106915,-142.16289874148788
3280,0.47687662,-141.80327146482887
3281,-1.3524712,-141.6453949881834
3282,-0.39816195,-141.6165411824477
3283,0.07568844,-141.586970187549
3284,-1.1124833,-141.54940235224785
3285,0.0,-141.43081743625225
3286,0.0,-141.4183396034059
3287,0.0,-141.40760593750747
3288,-0.1808,-141.40760593750747
3289,-0.19025,-141.40760593750747
3290,-0.18358333,-141.40760593750747
3291,-0.19002521,-141.4013859939878
3292,-0.64068335,-141.4013859939878
3293,-0.1903,-141.4013859939878
3294,0.35420144,-141.3660389010911
3295,-0.34286666,-141.42248663428472
3296,-0.3112,-141.44822044234024
3297,-0.34056666,-141.47204652550863
3298,-0.37948334,-141.5340247762506
3299,0.03426367,-141.67127011838602
3300,0.58967066,-141.77166458341526
3301,-0.3353122,-141.85911312076496
3302,-0.5378394,-141.8127091837232
3303,-0.022283077,-141.9020506006782
3304,-0.07141733,-141.91711258731084
3305,0.0,-141.81059316388564
3306,0.0,-141.6738433300634
3307,0.0,-141.6503122470458
3308,0.0,-141.5876511654933
3309,0.0,-141.44941024697619
3310,0.0,-141.43733216478722
3311,0.0,-141.42532774835126
3312,-0.172,-141.42532774835126
3313,1.2248508,-141.33536228566663
3314,0.45228535,-141.2945638227393
3315,0.32189184,-141.26141326903598
3316,0.017519683,-141.24797540652798
3317,1.1735373,-141.16120340424823
3318,0.35431147,-141.12790207687067
3319,-1.1979117,-141.1439542763983
3320,-0.03535229,-141.03701370145427
3321,1.0042002,-140.97377315099584
3322,-0.088218406,-141.07670114870416
3323,-0.25383332,-141.18953735317336
3324,-0.23636666,-141.3115575009142
3325,0.29721606,-141.52472922141897
3326,-0.37343332,-141.78387618000852
3327,-1.0904833,-141.91965775127755
3328,-1.3555833,-142.03415054018842
3329,-1.7423667,-142.07794010575162
3330,-0.5347382,-141.95219062204706
3331,-0.33842942,-141.94349770183908
3332,0.0,-141.7408298694645
3333,0.0,-141.63315412338125
3334,0.0,-141.61997970781522
3335,0.0,-141.6087639586185
3336,1.059969,-141.5299870626186
3337,-0.15486667,-141.5299870626186
3338,-0.17968333,-141.5299870626186
3339,2.0,-141.3882588998531
3340,-0.16153333,-141.3882588998531
3341,-0.14951667,-141.3882588998531
3342,-0.8709,-141.3882588998531
3343,-0.42975262,-141.39756605244474
3344,-0.41775,-141.4231743591954
3345,-0.22651288,-141.38643950625556
3346,-0.08407295,-141.4506645987858
3347,0.1405025,-141.46394822123693
3348,-1.2790837,-141.3721904468839
3349,0.10640616,-141.1600872290437
3350,-0.051270608,-141.38459432247328
3351,0.1824112,-140.91194141033338
3352,-1.5284477,-140.7684360605781
3353,0.07004103,-140.7587502610986
3354,-0.74522406,-140.64666327956365
3355,0.39209318,-140.57838447514223
3356,0.012171753,-140.44389806810068
3357,-0.38277167,-140.38758997741388
3358,0.9110976,-140.31554630520986
3359,0.42933807,-140.27029841515468
3360,-0.7406778,-140.26821046863915
3361,-0.061498113,-140.2593020971981
3362,-0.18793815,-140.21888757759007
3363,-0.18103333,-140.21888757759007
3364,0.33480805,-140.18387913965853
3365,-0.20286667,-140.18387913965853
3366,-0.19166666,-140.18387913965853
3367,-0.32517487,-140.2243829917279
3368,-0.3871,-140.27026966103585
3369,-0.24593334,-140.35922693350585
3370,-0.22982995,-140.51340456941398
3371,-0.6123763,-140.68843387701781
3372,0.0,-140.91470310726436
3373,0.064497106,-141.1568562600878
3374,0.41172558,-141.36563468613895
3375,0.12787431,-141.55198036768707
3376,-0.42413333,-141.55519913468743
3377,0.47720167,-141.58753014315153
3378,-0.44880378,-141.56955237832153
3379,-0.10451261,-141.54277488548541
3380,0.29081073,-141.47322527278448
3381,-0.261468,-141.4540037769475
3382,0.0,-141.44106011051917
3383,0.0,-141.4271316943341
3384,-0.19143334,-141.4271316943341
3385,0.6853313,-141.37091224692995
3386,-0.20115,-141.37091224692995
3387,-0.20836666,-141.37091224692995
3388,-0.20721667,-141.37091224692995
3389,0.27957082,-141.3410466448986
3390,0.25775504,-141.31259798497194
3391,-0.041032508,-141.3331044917577
3392,-0.374562,-141.32876035716617
3393,-0.42659366,-141.3424039078527
3394,-0.016952056,-141.40022379212314
3395,0.415348,-141.4486547378474
3396,-0.8695218,-141.5546771181398
3397,1.5461326,-141.35071930714184
3398,-0.68081456,-141.59783180482918
3399,0.19272538,-141.72234222717816
3400,-0.12041597,-141.77801904507214
3401,-0.25676027,-141.6488616061979
3402,-0.34633332,-141.69931259431178
3403,-0.7487245,-141.6890831902274
3404,-1.4161999,-141.66483385075117
3405,0.0,-141.5635335217812
3406,0.45151564,-141.50179767195368
3407,-0.42829984,-141.49491957767168
3408,1.180936,-141.36628332181135
3409,-0.3267,-141.36628332181135
3410,-0.078947596,-141.3172319997684
3411,0.33824325,-141.2833739426569
3412,-0.17196667,-141.2833739426569
3413,-0.22853975,-141.24401144875446
3414,-0.20098333,-141.24401144875446
3415,-0.36353335,-141.25590071926126
3416,-1.1974833,-141.26998565444956
3417,-0.7865602,-141.30986569920788
3418,-0.35423332,-141.43840068677673
3419,0.029103143,-141.4285333743901
3420,-0.2267854,-141.67832313390682
3421,-0.022633817,-141.61855708720395
3422,0.15681146,-141.7766517168493
3423,-0.0521336,-141.88908240856836
3424,-0.3272,-141.93189129891107
3425,-0.19165775,-141.7255961066694
3426,-0.040574614,-141.32122553052614
3427,0.0,-141.2279559514136
3428,0.053259593,-141.12237907858798
3429,-0.049956612,-141.01272884669015
3430,0.0,-140.99767593113938
3431,0.0,-140.9452426005737
3432,-0.18438333,-140.9452426005737
3433,-0.87663335,-140.9452426005737
3434,0.30996335,-140.91104956535855
3435,-0.19041666,-140.91104956535855
3436,0.7310915,-140.8519770373241
3437,1.5233607,-140.73901283933083
3438,0.26634863,-140.7080241777585
3439,-0.6010281,-140.6706060283468
3440,-0.68463635,-140.7960548811243
3441,-0.29834735,-140.80307968804846
3442,-0.44286665,-140.9135699282051
3443,-0.37308332,-141.13595762947807
3444,-0.09742771,-141.24722217867384
3445,-0.20176667,-141.5334148342372
3446,0.48141274,-141.7290210808278
3447,-0.1413203,-141.945531957841
3448,-0.17861667,-142.11115328321466
3449,-0.19556667,-142.18140545586357
3450,-0.9132072,-142.180730403692
3451,-0.47186667,-142.180730403692
3452,1.0902827,-142.0922037002747
3453,0.020018637,-142.07395373965846
3454,0.739864,-141.9167589911376
3455,-0.9159167,-141.9167589911376
3456,1.3660893,-141.8124552735244
3457,1.9028554,-141.63340701843845
3458,-0.16341667,-141.63340701843845
3459,0.025805712,-141.61921281489776
3460,0.24456453,-141.59064437198685
3461,0.012867928,-141.5416093778913
3462,0.0012831688,-141.5309320560773
3463,0.0007042885,-141.51996001350926
3464,0.0006752014,-141.52711009123595
3465,-0.11409685,-141.65104226657422
3466,-0.1535721,-141.739530003455
3467,-0.15489595,-141.96939303615363
3468,-0.19373333,-142.24160774686607
3469,-0.16156666,-142.52893971541198
3470,-0.16471666,-142.67553738394054
3471,-0.028249294,-142.8844662074116
3472,-0.19478333,-143.05689208843978
3473,-0.16073333,-143.12407494225772
3474,-0.11787982,-142.92472606041702
3475,-0.08181928,-142.67375191190513
3476,0.31014907,-142.41715257504256
3477,-0.18349598,-142.37232290097745
3478,-0.24358334,-142.37232290097745
3479,-0.17938001,-142.3710746851866
3480,0.28125384,-142.34135968546616
3481,-0.06156846,-142.33372230204986
3482,-0.20318334,-142.33372230204986
3483,0.7277163,-142.27306324365782
3484,-0.17705,-142.27306324365782
3485,0.4490549,-142.23271526145982
3486,0.1497111,-142.20978795673
3487,-0.020942867,-142.1453227319871
3488,-0.50181454,-141.97502932633506
3489,-0.74513334,-142.04461947019445
3490,-0.20068334,-142.20194689865457
3491,-0.30528334,-142.34402523870813
3492,0.15703945,-142.55947741802083
3493,-0.15885,-142.81161838705884
3494,-0.08246406,-143.0588772141491
3495,-0.21405,-143.2964786880766
3496,0.0056108306,-143.34727177704917
3497,-0.49690163,-143.2949654230033
3498,-0.0024572308,-143.32331556762801
3499,-0.28111666,-143.33328705868917
3500,0.7465386,-143.22412896744208
3501,-0.37440407,-142.96641615621047
3502,-0.5435067,-142.7948339342256
3503,-0.19576667,-142.7948339342256
3504,-0.1733,-142.7948339342256
3505,-0.7930167,-142.7948339342256
3506,-0.2076,-142.7948339342256
3507,-0.18723333,-142.7948339342256
3508,-0.17278333,-142.7948339342256
3509,0.050812006,-142.77828307292657
3510,0.21930552,-142.75048979959683
3511,-0.47213334,-142.78599231905537
3512,-1.02855,-142.79932578309672
3513,-0.25651827,-142.85399121820228
3514,0.060707748,-142.93237710028188
3515,-0.057032358,-143.01211286365287
3516,0.6368872,-143.00767105055274
3517,0.30205083,-143.24363201094093
3518,-0.35566667,-143.52285116148414
3519,-0.20901667,-143.58108280954184
3520,0.19872534,-143.60950593446614
3521,-0.1918,-143.65141248126747
3522,0.00014665723,-143.23659926076652
3523,-0.15052125,-142.95185264368774
3524,0.931816,-142.6293649317813
3525,-1.005643,-142.52072564681293
3526,0.07531248,-142.49375092220725
3527,-0.070906855,-142.48613986867713
3528,0.9769372,-142.40917853760766
3529,0.51330507,-142.36310837912606
3530,-0.17061667,-142.36310837912606
3531,1.4068624,-142.25929607945727
3532,-0.20688333,-142.25929607945727
3533,0.49853814,-142.21425401914166
3534,-0.028250687,-142.19672031450318
3535,-0.09160633,-142.23660951229976
3536,-0.29523334,-142.3380035844748
3537,0.008331806,-142.4108909604256
3538,0.048768103,-142.54799244675087
3539,-0.17793334,-142.7912579861586
3540,0.19924808,-142.85032149153994
3541,-0.22168334,-142.8674612113391
3542,-0.2293,-143.08112621988403
3543,0.25640595,-143.2830310233985
3544,-0.68261665,-143.341382666782
3545,-0.37335134,-143.03621496196138
3546,0.17042285,-142.60248829360353
3547,0.6684325,-142.2228803181206
3548,-1.5306695,-142.22166825056775
3549,-0.9554,-142.22166825056775
3550,-0.19881667,-142.22166825056775
3551,-0.19933334,-142.22166825056775
3552,-0.17598334,-142.22166825056775
3553,-0.16991666,-142.22166825056775
3554,-0.24366666,-142.22166825056775
3555,0.7095383,-142.15417734504445
3556,-0.1399444,-142.1511523143272
3557,-0.13711467,-142.1472001845832
3558,-0.87881666,-142.1472001845832
3559,-0.17496666,-142.15093994996278
3560,0.62921983,-142.0989642154309
3561,-0.33736667,-142.0989642154309
3562,-0.35646668,-142.0989642154309
3563,0.9486771,-142.03837507328717
3564,-0.16404074,-142.11513222864596
3565,-0.17095,-142.2757263641688
3566,-0.15955,-142.4553827207419
3567,0.6859124,-142.46700485347537
3568,1.2025142,-142.4385889369878
3569,-0.1706,-142.51397181040375
3570,-0.6340599,-142.24454531556694
3571,-0.82754576,-141.96469772345154
3572,-1.3484653,-141.6778927493724
3573,-0.13679692,-141.48148963338463
3574,-0.40792653,-141.4529931928846
3575,-0.16900516,-141.43998269474832
3576,-0.25646666,-141.43998269474832
3577,0.17712855,-141.41242300643353
3578,-0.2241,-141.41242300643353
3579,1.2803762,-141.31731439306168
3580,0.660279,-141.26097917853622
3581,1.697165,-141.13728212116985
3582,-0.18623333,-141.13728212116985
3583,0.28217316,-141.11195344029693
3584,-0.6978833,-141.208172309387
3585,-0.6407833,-141.27799255697755
3586,-0.24074937,-141.3971949845436
3587,-0.29003334,-141.5920592129114
3588,-0.26306668,-141.86843736766605
3589,-0.8960859,-142.02650694845943
3590,-2.0,-141.84688353835372
3591,-0.744221,-141.74940084217815
3592,-0.26223335,-141.9603820919874
3593,-0.026801502,-142.01702485157875
3594,0.37274477,-141.70003846957115
3595,-0.2256569,-141.38462967349915
3596,-0.11529394,-141.35084119363455
3597,0.0,-141.23045036866097
3598,0.0,-141.21655661909608
3599,0.0,-141.16459020151524
3600,-0.20845,-141.16459020151524
3601,-0.17368333,-141.16459020151524
3602,0.44006243,-141.12388856260804
3603,-0.16321915,-141.12084889103426
3604,-0.20526667,-141.12084889103426
3605,-0.7449833,-141.12084889103426
3606,-0.12691629,-141.1167928671348
3607,-0.68484455,-141.17822240496753
3608,-0.70628333,-141.2971695905435
3609,1.5845143,-141.22707714344142
3610,-0.18741667,-141.33535886759637
3611,1.4194821,-141.39115436951397
3612,-0.17993334,-141.53842077235458
3613,-0.19943333,-141.58915819058893
3614,-0.3287,-141.72933757136343
3615,-0.1949,-141.84334184060572
3616,-0.16598333,-142.0169745219755
3617,-0.16881667,-142.13207997212885
3618,-0.60219055,-141.79289968142984
3619,-0.80198133,-141.517927004199
3620,0.12696284,-141.42564133385895
3621,-0.38936666,-141.2863571701455
3622,-0.018003082,-141.27405612095026
3623,0.0,-141.22226087300805
3624,-0.17763333,-141.22226087300805
3625,-0.7967167,-141.22226087300805
3626,0.09657836,-141.16360953002004
3627,-0.2883711,-141.1242187350872
3628,-0.20143515,-141.09200701786904
3629,2.0,-140.94919877423672
3630,-0.11558506,-140.94218430359615
3631,-1.0217017,-140.98848135460867
3632,-0.7629833,-141.0778034447576
3633,-0.33193332,-141.1664044081117
3634,-0.22998333,-141.27521775354398
3635,-0.17306666,-141.49308082152857
3636,0.4085197,-141.63089790631784
3637,1.1053746,-141.716033805802
3638,-0.34933335,-141.7859079806949
3639,-0.20175,-141.850078840449
3640,0.36231518,-141.94929115165723
3641,-0.25003332,-142.00426811043872
3642,-1.8041797,-141.92316331033362
3643,0.66705376,-141.85805727605475
3644,-0.25054574,-141.83987758372677
3645,0.02581501,-141.67800494347466
3646,-0.392573,-141.62466635246528
3647,0.0,-141.5832765220548
3648,-0.6817167,-141.5832765220548
3649,-0.26481053,-141.5708806241746
3650,-0.1844,-141.5708806241746
3651,-0.2114,-141.5708806241746
3652,-0.21076667,-141.5708806241746
3653,-0.17563333,-141.5708806241746
3654,0.41901833,-141.53151326504303
3655,-0.48750386,-141.4887343670125
3656,-0.49941668,-141.5850075657363
3657,0.29643968,-141.59578487247927
3658,0.549219,-141.61473261908395
3659,-0.18086667,-141.87828027800424
3660,-0.17895,-142.0046001781593
3661,-0.20571667,-142.12082837865455
3662,-0.18155,-142.3824231211911
3663,-0.1665,-142.603712785698
3664,-0.17818333,-142.71211117849452
3665,0.2139276,-142.70370209001703
3666,-0.5853495,-142.4936295428197
3667,0.0,-142.2342125751893
3668,0.0,-141.88763582491083
3669,0.0,-141.47671776794596
3670,1.0184598,-141.38830197387142
3671,0.31609315,-141.35646541946335
3672,2.0,-141.154233103327
3673,1.1693363,-141.06488499575062
3674,0.19041061,-141.03808372252388
3675,-0.27417362,-140.99944600992603
3676,0.29940414,-140.96805399068398
3677,0.015610218,-140.95403824438108
3678,0.0014204979,-140.9412199963699
3679,0.0007109642,-140.8670379628311
3680,0.00067567825,-140.97807956085308
3681,0.0006737709,-141.01180702791316
3682,-0.28568333,-141.13210362539394
3683,-0.14983334,-141.2329877798329
3684,-0.17106667,-141.29612329945667
3685,-0.1943,-141.5670010779868
3686,0.28269047,-141.7810747657786
3687,0.15979587,-141.97442545340164
3688,0.121856034,-141.98088775918586
3689,-0.18938333,-142.09685448900564
3690,-1.3419873,-141.9658737142454
3691,0.40016606,-141.5807990093599
3692,-1.0411468,-141.5349943858455
3693,-1.2805,-141.5349943858455
3694,1.0030171,-141.4542697739671
3695,-0.1937,-141.4542697739671
3696,-0.6199304,-141.43333416775567
3697,-0.22635,-141.43333416775567
3698,-0.21042818,-141.42611233348725
3699,-0.19303334,-141.42611233348725
3700,-0.19941667,-141.42611233348725
3701,-0.18428333,-141.42611233348725
3702,-0.34591666,-141.42611233348725
3703,-0.40905118,-141.42300154914847
3704,-0.6807647,-141.4272235845565
3705,0.0,-141.44973788125208
3706,0.0,-141.5614149690955
3707,1.135554,-141.6500059486716
3708,-0.056868657,-141.70111637277296
3709,-0.17236666,-141.72641762619605
3710,-0.042031787,-141.7676048417925
3711,-0.7906719,-141.193280293548
3712,0.0,-140.6676159640192
3713,0.0,-140.5894377072691
3714,0.50878775,-140.34788139065495
3715,0.43983382,-140.3018856299459
3716,-0.12612695,-140.28806621482363
3717,-0.29398334,-140.28806621482363
3718,-0.37548184,-140.19376411935082
3719,-0.060525093,-139.79949742456665
3720,-0.11153236,-139.50532036920777
3721,-0.69526666,-139.50532036920777
3722,0.8881943,-139.36910456320038
3723,-0.56346446,-139.3380950902938
3724,-0.26853332,-139.3380950902938
3725,0.23026508,-139.25570986320963
3726,-0.20075,-139.25570986320963
3727,0.97807646,-139.18099287053337
3728,-0.17113334,-139.22449703788152
3729,0.009666145,-139.2238836894394
3730,-0.74575,-139.47247649828205
3731,-1.0779834,-139.63536560634384
3732,-1.0139667,-139.7916314760805
3733,-0.08901469,-139.9126597205759
3734,0.0,-140.03313216665993
3735,0.0,-140.11352019855985
3736,0.0,-140.20333270082483
3737,0.0,-140.2097098106169
3738,0.0,-140.1975911190384
3739,0.0,-140.14402070693905
3740,0.105859205,-139.6782864635461
3741,-0.09992625,-139.28738793783123
3742,0.0759069,-138.98380285553867
3743,-0.07147156,-138.80611050181324
3744,0.19816819,-138.70551641337806
3745,-0.1599822,-138.61678159289295
3746,1.5053084,-138.45596563868457
3747,1.0611125,-138.3151553129428
3748,0.7446027,-138.25521430798108
3749,-0.88657033,-138.25451037834864
3750,-0.5773258,-138.23360697354656
3751,1.5800929,-138.1258222850738
3752,0.07964468,-138.02961895789485
3753,-1.5724833,-138.0959207805572
3754,0.56568396,-138.0232217105804
3755,-0.8408667,-138.1519126537023
3756,-0.8348167,-138.40882455732208
3757,-1.0282667,-138.64107801939826
3758,-0.47102922,-138.71933446254116
3759,-0.5596167,-138.94569211627822
3760,0.24940985,-138.8342959227739
3761,-0.23918611,-138.7813350687502
3762,-1.3257831,-138.73119424085598
3763,0.0,-138.50283334951382
3764,0.0,-138.27936661045533
3765,0.0,-138.14138461451512
3766,0.0,-138.07977220218163
3767,0.0,-137.96864062349778
3768,2.0,-137.78471988241654
3769,1.3006401,-137.63881286780816
3770,0.06567192,-137.55677927832585
3771,-0.32,-137.55677927832585
3772,0.3414054,-137.4694275985239
3773,0.017710209,-137.41200268443208
3774,-0.25784695,-137.37311406980734
3775,-0.424,-137.4240562299965
3776,-1.3485,-137.4556553120492
3777,-0.7783566,-137.4204339775024
3778,0.43404108,-137.37366095732432
3779,-0.29798332,-137.54667911480647
3780,-0.058794037,-137.75133796583395
3781,-1.5446562,-138.01720126520377
3782,-0.84917724,-138.21947084914427
3783,-0.95314467,-138.32912793557625
3784,0.0,-138.26912687520962
3785,0.0,-138.26377820584457
3786,0.0,-137.73666041705292
3787,0.36322662,-137.24478277179878
3788,-0.3444253,-136.94435333821457
3789,0.44399703,-136.78804045531433
3790,-0.1182545,-136.6904876640765
3791,-0.29603872,-136.65372293430846
3792,-0.08665782,-136.60415877762716
3793,0.92535734,-136.47531205776613
3794,-0.022703588,-136.4233187920181
3795,-0.88131666,-136.4233187920181
3796,-0.5938505,-136.41421990923118
3797,-0.60484165,-136.3966661178274
3798,-0.21563333,-136.3966661178274
3799,-0.5905833,-136.44297054864
3800,-0.04202605,-136.2758342520101
3801,0.81698215,-136.23911152489018
3802,0.022729173,-136.34307796217036
3803,-0.1959,-136.5490615562303
3804,-0.26861668,-136.79421200312208
3805,-0.6293472,-137.05180649913382
3806,-0.51893246,-137.2836432204349
3807,0.0,-137.43541530228686
3808,0.0,-137.56175283051562
3809,0.0,-137.5431517054094
3810,0.0,-137.26565465226304
3811,0.0,-137.02028195455205
3812,0.0,-136.81229713454377
3813,0.0,-136.63515588536393
3814,0.5623272,-136.58431978418957
3815,-0.4186922,-136.558818695019
3816,-0.83265,-136.558818695019
3817,-0.65875316,-136.54811339906882
3818,1.0067222,-136.43076529435348
3819,0.6652444,-136.3050719135208
3820,0.30582196,-136.2714546554489
3821,1.1144222,-136.18500754318666
3822,-0.8110333,-136.18500754318666
3823,-1.3574834,-136.24753894738387
3824,0.8544953,-136.08180867962074
3825,-0.52484345,-136.1065929000033
3826,-0.18761666,-136.24919044121634
3827,-0.17649537,-136.4513050232781
3828,-0.31831667,-136.69374548539054
3829,-0.229,-136.94494249566924
3830,0.31187674,-136.93994562968146
3831,-0.28188333,-137.15671571239363
3832,-0.710867,-136.98974076553714
3833,-0.666296,-136.83204074844252
3834,-0.123357035,-136.54142623289954
3835,0.0,-136.23982619389426
3836,0.0,-135.87275063141715
3837,0.0,-135.64973347529303
3838,0.6038289,-135.5963882644428
3839,-0.4106552,-135.57063560269307
3840,-0.93240535,-135.5698462020955
3841,-0.8851502,-135.54485804814612
3842,-0.39095,-135.54485804814612
3843,0.46336472,-135.45581358898198
3844,-0.21563333,-135.45581358898198
3845,1.0651613,-135.29333128262078
3846,-0.17983334,-135.29333128262078
3847,0.25336075,-135.14940583932912
3848,-0.21160647,-135.0135057293228
3849,0.28642404,-135.06968984979903
3850,-0.21248743,-135.0893460069201
3851,0.048289835,-135.197361953964
3852,-0.28126666,-135.41993235837435
3853,0.095687285,-135.04522251378512
3854,-0.49307242,-135.05128614226123
3855,-0.21308333,-135.25748300174018
3856,-0.1883,-135.4268491230323
3857,-0.34075,-135.53872330853483
3858,0.51850533,-135.00132228800794
3859,-0.79518265,-134.61332516738912
3860,0.38836613,-134.24033247301122
3861,0.16594185,-134.06369983026525
3862,-0.2152,-134.06369983026525
3863,-0.45884117,-134.0213495902135
3864,-0.15198262,-133.98317937547108
3865,-0.025707398,-133.91347818815848
3866,-0.55525,-133.91347818815848
3867,-0.54794157,-133.89720272267004
3868,-0.7073593,-133.8918949951767
3869,-0.22075,-133.8918949951767
3870,0.32555166,-133.8218682249426
3871,-0.434886,-133.70041303237667
3872,0.3335563,-133.72879012388876
3873,0.33783647,-133.74231498403242
3874,-0.20575,-133.87104824645212
3875,0.42178375,-134.01840775174787
3876,0.28361508,-134.20747736556223
3877,-0.17138334,-134.46139148337534
3878,-0.17931667,-134.7063870028942
3879,-0.2903751,-134.7797939599841
3880,-0.015248242,-134.59695575846126
3881,-0.037604254,-134.52871823025635
3882,-0.44388074,-134.2957129002898
3883,-0.1926841,-134.19286360306432
3884,0.11194593,-134.03756370110204
3885,-0.51000893,-133.9194961161702
3886,0.033779286,-133.83390763861826
3887,-0.03145032,-133.75949674559524
3888,-1.4841886,-133.75863799883518
3889,-0.2139313,-133.67984378768597
3890,-0.38665,-133.67984378768597
3891,-0.02864787,-133.59317698760424
3892,-0.14642555,-133.55009231402073
3893,-0.80848336,-133.55009231402073
3894,0.0,-133.53832189796958
3895,0.0,-133.47408936230931
3896,0.0,-133.50504411628935
3897,0.0,-133.496841731132
3898,0.0,-133.48513820173685
3899,0.029424593,-133.56261114182416
3900,-0.027313363,-133.78773298265878
3901,0.0,-133.9660853386158
3902,0.1276256,-133.7177500963444
3903,-0.12060432,-133.59192180039827
3904,0.7077171,-133.24655746819917
3905,-0.11290737,-133.10085033776704
3906,-0.34741428,-133.00635872932617
3907,-0.18586218,-132.8873152747983
3908,0.0,-132.78351678105537
3909,0.0,-132.63099970074836
3910,0.0,-132.51864612253848
3911,0.0,-132.4208698734874
3912,-1.46645,-132.4208698734874
3913,0.30570555,-132.34401893022005
3914,1.0364082,-132.22439240070526
3915,-0.35485277,-132.166709417128
3916,-0.49426097,-132.1467237152392
3917,-0.03596519,-132.09495870547835
3918,-0.20015,-132.09495870547835
3919,-0.38058335,-132.15259763004724
3920,-0.1628373,-132.15285792949726
3921,-0.2866124,-132.12882596443524
3922,0.25558752,-132.11227869059076
3923,-0.54303473,-132.2682839539193
3924,1.1672632,-132.10191752578248
3925,-0.53755856,-132.30946839417447
3926,0.08634814,-132.3546082545363
3927,-1.2019838,-132.4923286754929
3928,0.102120325,-132.40978599528898
3929,-0.029587507,-132.36177724416484
3930,-0.06458957,-132.18088099177112
3931,0.05908203,-132.00198295529117
3932,0.25526017,-131.8430930506729
3933,-0.29734507,-131.68746866102447
3934,0.0,-131.54172459061374
3935,0.2246696,-131.40213148112525
3936,0.21421243,-131.29457301463117
3937,0.05367454,-131.1967615839385
3938,-0.18365,-131.1967615839385
3939,0.07023226,-131.10088774378528
3940,-0.21023333,-131.10088774378528
3941,0.73841554,-131.00248649533023
3942,0.22331113,-130.9297648575448
3943,-0.7155179,-130.93727049513836
3944,0.9798486,-130.85524640514632
3945,0.328523,-130.90859807564993
3946,1.446667,-130.83398957087775
3947,0.22753316,-130.84486331793596
3948,0.30717278,-130.39481749388506
3949,-1.469511,-130.3672734760039
3950,0.35987535,-130.09485920894076
3951,-0.58296895,-130.1201354880177
3952,-1.5673605,-130.08742839287152
3953,0.35683587,-129.83368647287716
3954,-1.9250189,-129.7994882595085
3955,-1.2243437,-129.66187023933162
3956,0.0,-129.47982799823512
3957,0.90253377,-129.29897630031337
3958,1.0453246,-129.18328337187995
3959,0.7323894,-129.0481685679697
3960,0.95124036,-128.91455086882343
3961,-0.3698073,-128.89993392679025
3962,1.2516,-128.7659147605591
3963,0.6125766,-128.6475772857957
3964,-0.39501667,-128.6475772857957
3965,-0.56668335,-128.6475772857957
3966,1.2928246,-128.51123709979584
3967,0.70323706,-128.4406009093218
3968,-0.13021818,-128.41841489824583
3969,-1.1569,-128.5079842210107
3970,0.7209245,-128.602968864172
3971,-0.52914804,-128.68624848875334
3972,0.13422015,-128.56820065531065
3973,-1.0584729,-128.79678355905344
3974,0.2648535,-128.86597370359232
3975,0.27057254,-128.90142222124268
3976,-1.3125334,-128.91666780228843
3977,-0.114152506,-128.85554750080337
3978,-0.68188876,-128.606954349234
3979,-1.0300028,-128.48606325502624
3980,-1.1087992,-128.4176008682989
3981,-0.17995706,-128.26770375485648
3982,0.5474013,-128.21604816804756
3983,0.28582036,-128.1456236858212
3984,0.40226763,-128.0497161168896
3985,0.94026834,-127.97756818126072
3986,-0.59625906,-127.96366093683173
3987,-0.38344592,-127.93802683989634
3988,-0.31815,-127.93802683989634
3989,-0.17113334,-127.93802683989634
3990,-0.72035,-127.93802683989634
3991,0.13579696,-127.81252592246165
3992,-0.9176545,-127.81504805738223
3993,0.41343212,-127.6604398524214
3994,-0.1807,-127.83680239671958
3995,1.0037411,-127.93947652334464
3996,0.06397733,-128.14519459361327
3997,0.16150846,-128.39621296877158
3998,-0.18476667,-128.65583277100814
3999,1.2179224,-128.74976991469157
4000,-0.7424532,-128.87626149112475
4001,-1.1679717,-128.5868630593468
4002,-1.3800479,-128.4093088095833
4003,-0.19093338,-128.2317269181658
4004,0.3290589,-128.03209618086112
4005,0.11011175,-127.8185270910908
4006,-0.086075306,-127.73256082439912
4007,0.51482815,-127.56806242073071
4008,-0.46479666,-127.52996895441902
4009,-0.58131665,-127.52996895441902
4010,-0.12827037,-127.43435528854025
4011,1.2738044,-127.29771959761274
4012,-0.86485,-127.29771959761274
4013,0.3100514,-127.25749425569666
4014,-0.57945246,-127.24331141708535
4015,1.1926442,-127.0273859470908
4016,-0.4182,-127.16103905139607
4017,0.77244765,-127.05594198851031
4018,-0.17211667,-127.1758161902253
4019,-0.15068333,-127.35833012757939
4020,-0.15703334,-127.51259495018166
4021,-0.1802,-127.68585598169011
4022,-0.18136667,-127.94702711401624
4023,-0.15178333,-128.15648418365163
4024,0.23284304,-128.18911739511532
4025,-0.18393333,-128.31069825662416
4026,0.82772017,-127.71934209836763
4027,-1.4532,-127.55957713795942
4028,0.58308333,-127.40276247335714
4029,-1.6570511,-127.32608638031525
4030,0.50459707,-127.24458091033739
4031,-0.51677155,-127.22630214391393
4032,-0.38603333,-127.22630214391393
4033,-0.7603,-127.22630214391393
4034,0.15254986,-127.16506132183713
4035,-0.71596664,-127.16506132183713
4036,-0.6299,-127.16506132183713
4037,-0.04239136,-127.1576215105888
4038,0.49881482,-127.06454163815943
4039,-0.34018335,-127.06670068835956
4040,1.819555,-126.76876868939144
4041,-0.22538333,-127.02042283749324
4042,0.60108465,-127.03989985099179
4043,0.750155,-127.05147883834434
4044,-0.15813333,-127.16899917068076
4045,-0.14773333,-127.38801405372215
4046,-0.1843,-127.51130004020524
4047,-1.4883832,-127.34812977703405
4048,-0.68197554,-127.02893769534421
4049,0.56139386,-126.69135877283406
4050,-0.20877272,-126.47862286659074
4051,-1.0685781,-126.32715375514817
4052,0.020042837,-126.13848630877328
4053,-0.018400695,-126.0753291005094
4054,0.14819844,-125.99944061579299
4055,-0.1401485,-125.92454644085956
4056,-0.7805,-125.92454644085956
4057,-0.782,-125.92454644085956
4058,-0.23077656,-125.88111950250459
4059,-0.7966667,-125.88111950250459
4060,0.5126283,-125.83712566437316
4061,1.665034,-125.63979970457149
4062,0.54044855,-125.5853612178762
4063,-0.058722198,-125.51855367960525
4064,0.30880734,-125.42207457663608
4065,-0.9001744,-125.4596985297103
4066,-0.88019747,-125.53312447087956
4067,-0.66768336,-125.64877852218342
4068,-0.7029236,-125.84658590870094
4069,0.82143784,-125.75949003713322
4070,0.36824167,-125.74099529141677
4071,-1.1289155,-125.78650801608455
4072,0.0,-125.86738530526054
4073,0.0,-125.83256048316252
4074,0.0,-125.82135287558776
4075,0.0,-125.6792931619857
4076,1.2634766,-125.49029635524494
4077,-1.1996627,-125.44767451917869
4078,0.0,-125.31469534969074
4079,1.1187353,-125.2024998057459
4080,-1.1906667,-125.2024998057459
4081,0.82028604,-125.05706430858118
4082,-0.18718334,-125.05706430858118
4083,0.7008023,-124.96216524278861
4084,-0.28898758,-124.9298431861971
4085,-0.051847696,-124.8816964540456
4086,1.7617335,-124.75567986702663
4087,-0.28271666,-124.81349755337578
4088,-0.56083333,-124.91226201018435
4089,-1.8209833,-124.9690093647514
4090,-0.6450667,-125.07401491960627
4091,0.7333832,-124.98602007588488
4092,-1.7084,-125.22765013834578
4093,0.0,-125.31850891074282
4094,0.0,-125.2451935436402
4095,0.015448589,-124.96942577025038
4096,1.013156,-124.56674859186751
4097,0.31910142,-124.2388513412152
4098,0.5746837,-124.08350277206046
4099,-0.14758703,-123.96230469158036
4100,-0.61756665,-123.96230469158036
4101,-0.5675035,-123.87447583934409
4102,-0.067962155,-123.71230596562964
4103,-0.3468141,-123.63802489152295
4104,-1.2320426,-123.61978649234516
4105,0.15334956,-123.55107068901998
4106,-0.027863294,-123.50312646737439
4107,0.046737194,-123.44969080275041
4108,-0.79256666,-123.44969080275041
4109,0.07838082,-123.4225361335848
4110,-0.103920296,-123.39132553784293
4111,-0.17820115,-123.38948415443883
4112,-0.026320308,-123.34980380386696
4113,0.52609277,-123.2908515840827
4114,0.8055361,-123.27507345975027
4115,-0.3061,-123.48138988614664
4116,-0.28093332,-123.73112241030321
4117,0.35588607,-123.88885120154009
4118,-0.15621667,-124.16180691719637
4119,-0.5105478,-124.17515809592442
4120,0.3627974,-123.97821543869213
4121,0.524392,-123.87189160045818
4122,-0.5432781,-123.6513978218718
4123,-0.46052986,-123.53368151691393
4124,-1.0361134,-123.46392114218906
4125,0.0,-123.34189881142811
4126,0.0,-123.13089257237152
4127,0.0,-123.03229949381785
4128,0.7532517,-122.88651955631212
4129,1.8885764,-122.66722192373709
4130,0.6584871,-122.5674683576508
4131,0.06662035,-122.47807795312838
4132,-1.2185602,-122.46806428526179
4133,-0.17768583,-122.42602678705589
4134,0.8698602,-122.35327704568044
4135,-0.5600167,-122.40850794260041
4136,-0.08888002,-122.38460854013101
4137,0.0032491572,-122.43169031981961
4138,-0.25085,-122.51987749282853
4139,-0.23826666,-122.69808624629513
4140,-0.33199805,-122.81111174766556
4141,-0.38379678,-122.78050700892345
4142,-0.34691668,-123.0333528922929
4143,-0.19003153,-123.247652720107
4144,-0.4298,-123.43299844433204
4145,0.10525956,-123.1172698395385
4146,0.27950895,-122.58369794060127
4147,-0.9221007,-122.33556896020309
4148,-0.29216057,-122.02351116706268
4149,-0.30252895,-121.95713613499538
4150,-0.23438333,-121.95713613499538
4151,-0.14503455,-121.95568129784078
4152,0.15047638,-121.93547433419735
4153,0.92117333,-121.86302382303984
4154,-0.64542836,-121.81777267335565
4155,-0.1658,-121.81777267335565
4156,0.20603196,-121.79370759791345
4157,0.059708674,-121.77723278469057
4158,-0.19373333,-121.77723278469057
4159,-0.902739,-121.80287106698961
4160,0.34233242,-121.75080708405585
4161,-0.31341666,-121.79722656673403
4162,-0.31256667,-121.95431197053404
4163,0.109924264,-122.13097332781763
4164,1.8696446,-122.14212706210674
4165,-0.4642635,-122.23375156047405
4166,-0.33813182,-122.22783240015269
4167,-0.5145455,-122.38348504240275
4168,-0.20834497,-122.41505226949812
4169,0.12144042,-122.40117900809855
4170,-0.8101526,-122.30024065068574
4171,-1.3141,-122.30967592346133
4172,-0.2702419,-122.16933932053507
4173,0.0,-122.08003149079741
4174,1.0824397,-121.9975222562498
4175,-0.18106155,-121.95488626035512
4176,0.44648775,-121.87328822436393
4177,0.027115658,-121.82001645761193
4178,-0.5825803,-121.80899226377369
4179,-0.762,-121.80899226377369
4180,-0.19005,-121.80899226377369
4181,-0.25840265,-121.77601685459376
4182,0.33615687,-121.74434407512308
4183,-0.341089,-121.65836215476156
4184,0.43141893,-121.66443357654498
4185,-0.034792304,-121.65937183416099
4186,-0.031762253,-121.7830370849988
4187,0.45437145,-121.91772550708265
4188,-0.17951667,-122.15902056163759
4189,-0.18643333,-122.41913651293726
4190,-0.16335,-122.67261223858804
4191,-0.14828333,-122.73262028759927
4192,-0.18683334,-122.89917047685594
4193,-0.18791667,-122.96081310129375
4194,-0.24216214,-122.48483565068454
4195,-1.1194855,-122.1520969531557
4196,0.17385244,-122.01097420966835
4197,-0.15220591,-121.86125142491073
4198,-0.003663068,-121.84899544148357
4199,0.0,-121.79965719385655
4200,0.34558964,-121.72659570528776
4201,0.5003897,-121.6431472132972
4202,2.0,-121.50164763434441
4203,-0.5005158,-121.48607141515822
4204,1.0257378,-121.36870279899449
4205,-0.18548334,-121.36870279899449
4206,0.23136842,-121.30869143820019
4207,0.028652191,-121.19025569027872
4208,0.0020723343,-121.24244792750687
4209,-0.31968334,-121.32338294378133
4210,0.10256669,-121.43577999612899
4211,0.16239162,-121.60213815412135
4212,-0.1552,-121.83906302592368
4213,0.2514696,-122.04817018649192
4214,-1.062644,-122.16074305018992
4215,-0.42571157,-121.95009428999037
4216,-0.3308294,-121.75358674666495
4217,-1.0277932,-121.7134442179522
4218,-0.44976223,-121.5319846420607
4219,0.19463485,-121.3074004202208
4220,-1.5685996,-121.30467039337964
4221,0.020488277,-121.0996774136147
4222,-1.4116144,-121.08370243562968
4223,0.45288938,-120.9042857940367
4224,-0.73868334,-120.9042857940367
4225,0.02873351,-120.80371020539314
4226,-0.117440954,-120.76655778466375
4227,-0.7306372,-120.73393778307945
4228,-0.7106851,-120.687969902443
4229,0.56569195,-120.6259582619241
4230,-0.63268334,-120.6259582619241
4231,-0.6758769,-120.59225293798954
4232,0.07722545,-120.53182489602477
4233,-0.07272418,-120.59674452422769
4234,0.0,-120.52082781671197
4235,0.0,-120.22158853887231
4236,0.0,-120.31927026240737
4237,0.0,-120.47124680309207
4238,0.0,-120.70635258583934
4239,0.0,-120.88641319601447
4240,0.0,-121.03123670248897
4241,0.0,-121.13122739075334
4242,0.0,-121.16860700203688
4243,0.6003446,-121.1178545038274
4244,-0.25741667,-121.1178545038274
4245,-0.23865,-121.1178545038274
4246,-0.04623193,-121.1084510794899
4247,0.0,-121.0970804131648
4248,-0.15525,-121.0970804131648
4249,-0.12691434,-121.09419642845751
4250,-0.18965,-121.09419642845751
4251,-0.17801666,-121.09419642845751
4252,0.31807858,-121.06331090527237
4253,-0.17026667,-121.06331090527237
4254,0.028796077,-121.04908916066051
4255,-0.17905,-121.08092558840872
4256,-0.15445,-121.22452822784544
4257,0.49954808,-121.21621968402178
4258,-0.18821667,-121.3823140169552
4259,-0.016067445,-121.51522756172926
4260,0.025850594,-121.75791560663492
4261,0.739012,-121.93442313923151
4262,-0.013292342,-122.1649299467972
4263,0.031014785,-122.36511706365854
4264,-0.15425,-122.53499983801157
4265,0.20631295,-122.60943150325329
4266,-0.39969733,-122.45136266751797
4267,-0.15392773,-122.4435267894587
4268,-0.26085,-122.4435267894587
4269,-0.23096667,-122.4435267894587
4270,0.52167106,-122.39707209161134
4271,-0.18118334,-122.39707209161134
4272,-0.15583333,-122.39707209161134
4273,0.3261816,-122.36477587363333
4274,1.1514138,-122.27749731382937
4275,-0.17788333,-122.27749731382937
4276,-0.15678333,-122.27749731382937
4277,-0.17325,-122.27749731382937
4278,-0.19118333,-122.27749731382937
4279,0.17752618,-122.29521255745203
4280,0.0521266,-122.3909124712518
4281,-0.029194206,-122.46777708633454
4282,0.21987826,-122.57302889032871
4283,0.13845219,-122.7456193844846
4284,-1.2854828,-122.8206603731087
4285,-0.29059637,-122.27011843575747
4286,0.6064532,-121.5643856729439
4287,-1.3623817,-121.07655798448832
4288,0.31819397,-120.770942887204
4289,-0.6823028,-120.59726051046164
4290,0.31404752,-120.31165460302145
4291,-0.39938372,-120.14930619849474
4292,-0.31146225,-119.9876823182276
4293,-0.8353706,-119.9250886644295
4294,0.33734295,-119.69376820875914
4295,0.06906855,-119.53798693968565
4296,0.6123736,-119.36160141779692
4297,-0.010590747,-119.25341265453608
4298,0.12483834,-119.13678283794434
4299,0.030908227,-119.03756089313538
4300,-1.128503,-119.01385992197902
4301,-0.10649286,-118.9679467099777
4302,-0.44498962,-118.9005843642226
4303,0.4655274,-118.85423173187883
4304,0.13354024,-118.80213008253486
4305,0.032270364,-118.82115183761925
4306,-0.03887642,-118.93486367157311
4307,0.3591703,-119.07361918679089
4308,0.042820513,-119.28634743383736
4309,0.41745746,-119.47961184373708
4310,-0.31298333,-119.7273924498877
4311,-0.3818,-119.9442329107842
4312,-0.27591667,-120.11576835802407
4313,-0.49553663,-120.13073209198774
4314,-1.2505227,-119.75481581958593
4315,0.27619386,-119.29596722396673
4316,-0.09917492,-119.04909019442857
4317,-0.61087316,-118.8984769609815
4318,-0.12862417,-118.85100903260172
4319,0.0,-118.74783128398121
4320,-0.25341445,-118.70241997661651
4321,-0.6448749,-118.64879117431701
4322,-0.79165,-118.64879117431701
4323,0.19036853,-118.57682089033187
4324,0.17587796,-118.505447993899
4325,-0.28966296,-118.43144850703538
4326,-0.37146577,-118.41149236718775
4327,-0.25396982,-118.20584770003916
4328,-0.51275706,-118.14613115499378
4329,0.7757061,-118.12130264836014
4330,0.41019297,-118.09660937907756
4331,0.15491861,-118.23548852922977
4332,0.06821639,-118.45408902587951
4333,-0.34865,-118.71196136894287
4334,-0.46579602,-118.886447141791
4335,0.024701964,-118.88392314725206
4336,0.10868764,-118.91700895913527
4337,0.70674485,-118.68842849918292
4338,-1.1432724,-118.27948785611079
4339,0.62011266,-117.89618609138415
4340,-0.3920908,-117.76044490226195
4341,-0.50493854,-117.6278929192631
4342,0.29433963,-117.48775468059466
4343,-0.27898264,-117.413343727967
4344,0.8891834,-117.28776264228509
4345,-0.17696093,-117.24569968917058
4346,1.2079664,-117.10960270502255
4347,-0.2932138,-117.02800261267112
4348,0.8727851,-116.91142825075076
4349,-0.19975,-116.91142825075076
4350,-1.3979641,-116.9089851702156
4351,1.1651549,-116.63961547860526
4352,-0.47849703,-116.68563575917506
4353,-0.2277273,-116.69824674320989
4354,-0.26008335,-116.81346516651683
4355,-0.16386667,-117.01291790945106
4356,0.039418995,-117.23660093886429
4357,-0.12558843,-117.48802215201431
4358,-0.26186833,-117.70863797111087
4359,0.45404357,-117.86706787688308
4360,-0.16363333,-118.04211490196758
4361,-0.16943334,-118.15982313049608
4362,-1.0250443,-117.69307417763048
4363,-1.098292,-117.32674850118929
4364,-0.4351315,-117.10551115465933
4365,-0.76573384,-116.94233519924455
4366,0.27613413,-116.90379881454282
4367,-0.26168743,-116.81326816571527
4368,-0.3016039,-116.75938233701163
4369,2.0,-116.57743868199759
4370,1.6187577,-116.42110127178603
4371,0.08157778,-116.36221705345088
4372,-0.82355,-116.36221705345088
4373,-0.9230833,-116.36221705345088
4374,-0.661,-116.36221705345088
4375,-1.1917753,-116.30751874638372
4376,0.56281185,-116.29429888227605
4377,-0.13425195,-116.37140709409141
4378,0.2612657,-116.4768367583456
4379,0.21578127,-116.61820048341178
4380,-0.20136666,-116.863916533679
4381,-0.16855,-117.12305952855968
4382,0.04264529,-117.35276104757213
4383,-0.39575505,-117.41552811363363
4384,-0.98278886,-117.28114348152303
4385,-0.7394119,-117.10484061637544
4386,-0.29575866,-116.87195239463472
4387,0.15769605,-116.70994983115816
4388,-0.60309887,-116.57529142001295
4389,0.5017582,-116.40304956832551
4390,-0.54347473,-116.32823834815645
4391,0.0,-116.22173043587827
4392,0.16416577,-116.12556950250291
4393,0.30939937,-116.0149038011732
4394,-0.4612483,-115.99248844073736
4395,-0.80455,-115.99248844073736
4396,1.1809491,-115.8250441669079
4397,0.91509926,-115.71540438817465
4398,-0.79995,-115.71540438817465
4399,-0.8859243,-115.75516269044601
4400,0.31400773,-115.64841337190592
4401,0.10939805,-115.50900874720537
4402,0.018357601,-115.46488353298628
4403,-0.9824648,-115.56368798451149
4404,-0.59924674,-115.52398788990104
4405,-0.5498993,-115.57142419801676
4406,-0.33735046,-115.62666962356889
4407,0.2536887,-115.56788574965321
4408,-0.5856425,-115.50217458666884
4409,0.0,-115.33873868049704
4410,0.045642808,-115.25349124582135
4411,-0.042720664,-115.07737996490323
4412,0.0,-114.90329479487264
4413,0.0,-114.77231437774026
4414,0.6803938,-114.63111961694085
4415,-0.64573413,-114.5839979207667
4416,-0.04825163,-114.51811295063817
4417,-0.08111608,-114.47052749680006
4418,0.6473192,-114.34095525430166
4419,0.027281448,-114.29035070972168
4420,0.6691803,-114.18468907909119
4421,-0.78536665,-114.18468907909119
4422,0.04588586,-114.16809333363199
4423,-1.2971333,-114.1922687633487
4424,-0.4065474,-114.13445337922894
4425,-0.09306988,-114.08780532018864
4426,0.27697402,-114.1429498574289
4427,-0.6665979,-114.24221770526492
4428,0.33975536,-114.11973199309432
4429,0.1840952,-114.05876326994621
4430,-0.53242403,-114.16497666077339
4431,0.24022013,-114.09363016919815
4432,0.408271,-113.88602489666664
4433,-0.36348045,-113.73423730270588
4434,-0.6893183,-113.60601534383022
4435,-0.6603412,-113.55056652860367
4436,0.0,-113.36698270277702
4437,0.0,-113.15992629961693
4438,0.60421187,-113.0158443643304
4439,-0.5733613,-112.95449809791171
4440,0.07322452,-112.88883350850665
4441,-0.49456006,-112.84162249477231
4442,-0.031346805,-112.752181210235
4443,-0.37307084,-112.73688048092299
4444,-0.08885953,-112.67729885844165
4445,-0.3031634,-112.64197114450508
4446,0.8684782,-112.55758523536497
4447,0.29949087,-112.40010375870042
4448,-0.7960129,-112.4502264742332
4449,-0.37971666,-112.55563434553915
4450,0.1286968,-112.71036707950407
4451,-1.0594,-112.92258308423334
4452,0.30862093,-113.07007599962526
4453,-0.6139506,-113.21391361547285
4454,-0.42764667,-113.40408582580858
4455,0.0,-113.52455170048052
4456,0.10020712,-113.48202209515148
4457,-0.094556764,-113.56282576514059
4458,0.0,-113.03649451924139
4459,0.0,-112.5693558116036
4460,1.1835239,-112.11816653204733
4461,0.3750859,-111.86014130307012
4462,-0.73054427,-111.85447726366692
4463,-0.70976526,-111.78795292941504
4464,0.8205998,-111.61172495750361
4465,2.0,-111.3848229792493
4466,0.041974574,-111.36608730038279
4467,0.48247385,-111.24110700716847
4468,-0.27881667,-111.24110700716847
4469,-0.32060063,-111.21091780034476
4470,0.57360667,-111.11752103982144
4471,0.11272287,-111.09517361377948
4472,-0.1564529,-111.00165705537074
4473,0.1716032,-110.94144171258085
4474,0.009220123,-111.14120399733656
4475,-0.17228334,-111.35943208416575
4476,-0.19858333,-111.61763976296061
4477,0.23912147,-111.82834289749735
4478,-0.16236667,-112.08201081832522
4479,-0.17725,-112.20111706634634
4480,0.525012,-112.3046469145047
4481,-0.18763334,-112.42283243467682
4482,-0.8265379,-111.98321986725205
4483,-1.28451,-111.66567367842072
4484,-0.4000997,-111.50497200121754
4485,-0.06665907,-111.31297666361206
4486,-0.23864642,-111.27342934688204
4487,-0.19592121,-111.22593198125833
4488,0.6122961,-111.12760023181909
4489,1.5376796,-110.97650581007474
4490,1.158803,-110.81763153677457
4491,0.05857992,-110.75562175890082
4492,0.0035691261,-110.7002091013419
4493,-0.5887833,-110.7002091013419
4494,-0.753883,-110.68499691472971
4495,-0.75077456,-110.58833119706833
4496,-0.9612091,-110.72302292720997
4497,-1.05365,-110.7640805846604
4498,-0.19178334,-110.93080554963672
4499,-0.1666,-111.14465168179595
4500,-0.16536666,-111.38878947557532
4501,-0.30931666,-111.64907351197326
4502,0.3997154,-111.83517497839057
4503,-0.19363333,-112.05961901010596
4504,-0.02898258,-112.2214532053622
4505,-0.16785,-112.34008307816111
4506,-1.1581364,-112.18607713343226
4507,0.578894,-111.93405719162547
4508,-0.19263276,-111.69895216883742
4509,-0.16598533,-111.27599081458175
4510,-0.17053656,-111.1207482671889
4511,0.0,-111.01022335948073
4512,-0.39755687,-110.97606847496354
4513,0.5441658,-110.87773761959397
4514,1.1615374,-110.74520126791322
4515,1.2752688,-110.5722361287626
4516,-0.20706157,-110.52702071951353
4517,-0.6872726,-110.52429977423162
4518,0.9436718,-110.40660719937296
4519,-0.9016895,-110.34408892309875
4520,0.22386575,-110.3988646081707
4521,-0.6829805,-110.56438320493908
4522,-0.20643333,-110.71505735433311
4523,-0.19218333,-110.9260965398571
4524,0.268877,-111.12660409128875
4525,0.6551641,-111.29936726010055
4526,-0.24846667,-111.55221534884186
4527,0.09504289,-111.74651848888607
4528,-0.17368333,-111.91772266841144
4529,-0.1952,-112.03261711812229
4530,-1.0662751,-111.63593339538784
4531,-0.6315836,-111.20983096575947
4532,-0.457117,-110.76952424264164
4533,-1.3560292,-110.60429614401073
4534,0.15657085,-110.57453129059286
4535,-0.45004502,-110.4880083835742
4536,0.28133333,-110.38319263971061
4537,1.4510633,-110.23166052615852
4538,0.033697337,-110.1313039547822
4539,-0.8178333,-110.1313039547822
4540,-0.14490312,-110.08915382614941
4541,-0.0557151,-110.0426267235598
4542,-0.22610512,-109.97117580464692
4543,-0.17750421,-109.82078635683865
4544,-0.40143332,-109.93098055562587
4545,-0.3195688,-109.95513826413662
4546,-0.32446668,-110.0978884230426
4547,-0.24083333,-110.30890065236599
4548,-0.16836667,-110.55696670516045
4549,-0.17263333,-110.81733126743347
4550,0.4729314,-111.00075495048077
4551,-0.19126667,-111.22210024102242
4552,-0.1628,-111.39577396019013
4553,0.609355,-110.8571784029773
4554,-0.8671193,-110.33263613088639
4555,-0.75896895,-109.9778086374572
4556,-0.419612,-109.80968475146801
4557,-0.15659666,-109.65247444613487
4558,0.0,-109.52404419882805
4559,0.0,-109.41769662304432
4560,0.4329618,-109.28483477039845
4561,0.16615641,-109.19669977380545
4562,0.96818274,-109.03618990434916
4563,1.0961359,-108.91105825259001
4564,0.6042024,-108.81841359837563
4565,-0.465989,-108.7818709666899
4566,0.142721,-108.72066235347302
4567,-0.7537,-108.74436563058407
4568,0.3750546,-108.63681350453408
4569,0.8934984,-108.54791208906681
4570,0.04531479,-108.6240204180649
4571,-1.7912834,-108.84397796346457
4572,-0.65249455,-108.98574880315573
4573,-1.4960166,-109.26654533101828
4574,-0.7929256,-109.47160973204882
4575,-1.412724,-109.5689559931925
4576,1.1463306,-109.42225115551264
4577,-1.088374,-109.367484072136
4578,0.0,-109.27482791422517
4579,0.0,-109.1348375993839
4580,0.3937473,-108.99323854027898
4581,-0.13557371,-108.83383408366353
4582,-0.07186184,-108.75743819205672
4583,-0.15378667,-108.68644866524846
4584,-0.7587912,-108.64009551136405
4585,-0.5369691,-108.5952890048793
4586,-0.22741552,-108.54650859712274
4587,-0.32503858,-108.5124922747782
4588,0.9506917,-108.39985973938019
4589,-0.09277427,-108.39312298447476
4590,0.52819306,-108.3030876055418
4591,-0.29235372,-108.2705272831081
4592,-0.19363014,-108.2005355678557
4593,-1.227116,-108.297442229843
4594,-0.25336668,-108.45897875950322
4595,0.18701354,-108.29528366253362
4596,0.43005985,-108.31589050256298
4597,-0.3620404,-108.29020771049545
4598,-0.6879949,-108.21531082355068
4599,0.9508236,-108.07982937656925
4600,-0.9026424,-108.16862563454197
4601,1.1002834,-107.92335551642464
4602,-0.5579136,-107.7628147121577
4603,0.6280265,-107.63197040223167
4604,-0.024804296,-107.44984176420257
4605,0.4966992,-107.25730316006229
4606,-1.1201844,-107.19648489766405
4607,-0.31738964,-107.10783289038227
4608,1.2687111,-106.92278259657905
4609,1.9953647,-106.70070157610462
4610,0.10040808,-106.644048136106
4611,-0.8784,-106.644048136106
4612,0.29008487,-106.54055070542381
4613,-0.28926668,-106.54055070542381
4614,-0.6583667,-106.54055070542381
4615,-0.8907841,-106.54034775948094
4616,-0.87765,-106.57756950041221
4617,-0.9152833,-106.7726104863541
4618,-0.1978,-106.9379411496775
4619,-0.18816666,-107.17087954362796
4620,-0.19131666,-107.44052806576656
4621,-0.1791,-107.7332973190205
4622,1.66891,-107.62514180025028
4623,-0.52067983,-107.63879544833617
4624,-0.18736666,-107.8189722130628
4625,0.071470216,-107.91345752576308
4626,-0.23239651,-107.66706257859187
4627,-1.7798024,-107.59481935748772
4628,0.0,-107.38852885911183
4629,1.886066,-107.09581223675923
4630,0.6166339,-106.99197795787768
4631,-0.5227753,-106.92700126567797
4632,-1.3405921,-106.90218483643548
4633,0.69729435,-106.76037686305062
4634,-0.7683667,-106.76037686305062
4635,-0.8186333,-106.76037686305062
4636,-0.7781936,-106.75296753212751
4637,0.0,-106.69542736872972
4638,0.0,-106.64196162238659
4639,0.0,-106.53917882904352
4640,0.0,-106.613123531788
4641,0.0,-106.65198710873665
4642,0.43730307,-106.76881264463009
4643,-0.1819,-106.8567179696256
4644,-0.22268422,-107.1169474975759
4645,0.9015407,-107.29326106175722
4646,-0.19496667,-107.32241556920053
4647,1.1642642,-107.3720544254029
4648,-0.24575,-107.56694087140204
4649,-1.4960424,-107.57409750563966
4650,0.0,-107.28496789080964
4651,0.37238142,-106.91997008664475
4652,1.1383256,-106.40423022849427
4653,0.049089685,-106.16882798714505
4654,-0.98154205,-106.1491086397873
4655,-0.4460446,-106.09008178381191
4656,0.36958614,-105.96720668939815
4657,1.2151959,-105.83661763636337
4658,-0.46456873,-105.79594402281509
4659,0.43658155,-105.71112780539261
4660,1.4174222,-105.56834629444347
4661,-0.62461346,-105.5582418365957
4662,1.0835009,-105.42539153234975
4663,-1.5953315,-105.35194143639819
4664,-0.5925,-105.4680639355065
4665,0.7205398,-105.30092881606834
4666,-1.3429,-105.41649280475394
4667,-0.99798334,-105.61394247399585
4668,-0.564985,-105.72795645879523
4669,0.27872914,-105.71328484440164
4670,-0.5020778,-105.7779339718254
4671,-1.3701961,-106.01975593144016
4672,0.0,-106.15518848771171
4673,0.0,-106.20862879032211
4674,0.0,-105.66680933708267
4675,2.0,-105.09470530027465
4676,-0.26388195,-104.90372654968814
4677,-0.6384585,-104.81920327419357
4678,-0.8000924,-104.67574346238689
4679,-0.10540531,-104.50585331195907
4680,1.1137486,-104.3315093236597
4681,-0.82723886,-104.2815106044145
4682,-0.31127912,-104.20119524547772
4683,-0.11255293,-104.14087326997833
4684,-0.38213193,-104.05740776831226
4685,-0.33134538,-104.02414805242734
4686,-0.74769604,-104.01649729428755
4687,-0.5448073,-104.0039724836679
4688,-0.21419165,-104.0505622940691
4689,-0.59836173,-104.04831245272362
4690,0.36157697,-104.14221762596571
4691,-0.3428581,-104.25372643499577
4692,0.0,-104.48728738455975
4693,0.0,-104.56641499428952
4694,0.010248387,-104.61058043791854
4695,-0.009095968,-104.69139696015918
4696,0.0,-104.66852852060401
4697,0.0,-104.5784339170059
4698,0.0,-104.02237658305967
4699,0.0,-103.56035189433896
4700,0.59732896,-103.27393834396207
4701,-0.17986178,-103.10056136651838
4702,-0.14474444,-102.95618951423967
4703,0.06405087,-102.84546629442775
4704,-0.96083885,-102.81191799147928
4705,0.9931282,-102.64708374543989
4706,0.45926136,-102.52373360200727
4707,-0.7816333,-102.52373360200727
4708,-0.20053864,-102.44840761377418
4709,-0.090109885,-102.42500284044945
4710,0.08210852,-102.40193053624535
4711,-0.1795,-102.40193053624535
4712,-0.27231666,-102.52323423615599
4713,-0.13546363,-102.61460159263515
4714,-0.49896428,-102.59294165401661
4715,-1.0477047,-102.66032806514704
4716,-0.21981667,-102.92935717581713
4717,-0.031678114,-103.19068575381243
4718,0.0,-103.47180080889666
4719,0.0,-103.55652457206452
4720,0.0,-103.72024596958363
4721,0.006921009,-103.81765935300791
4722,-0.0059349583,-103.85669742627942
4723,0.8409759,-103.78733147784078
4724,-0.36561668,-103.78733147784078
4725,-0.18478994,-103.7782925740903
4726,-0.00488553,-103.76807579967135
4727,-0.14973971,-103.76600921420322
4728,-0.1966,-103.76600921420322
4729,-0.16248333,-103.76600921420322
4730,0.061160818,-103.75182442819641
4731,0.25207323,-103.72269750280248
4732,-0.18878333,-103.72269750280248
4733,-0.15523334,-103.72269750280248
4734,-0.1499015,-103.72119284990185
4735,0.54600096,-103.67308087098354
4736,0.7318793,-103.68947499441856
4737,0.24093671,-103.83054302084201
4738,-0.18593334,-103.87494532960409
4739,-0.19203334,-104.15278502005094
4740,0.16615742,-104.41600786345953
4741,0.030768637,-104.48326087939495
4742,-0.19281666,-104.75019026744121
4743,-0.18151666,-104.81443007486814
4744,-0.1523,-104.99748598235601
4745,-0.17413333,-105.12407344776148
4746,-0.25138333,-105.18407521593326
4747,-0.27768335,-105.19002458509931
4748,-0.32496667,-105.19002458509931
4749,0.09070062,-105.1619434623135
4750,0.72230333,-105.10240649861225
4751,-0.1561,-105.10240649861225
4752,-0.013968708,-105.09158196450153
4753,0.14981382,-105.06883973405638
4754,0.29754862,-105.03885099255422
4755,-0.15998334,-105.03885099255422
4756,-0.20141667,-105.03885099255422
4757,-0.18433334,-105.03885099255422
4758,0.42267495,-105.00122628697136
4759,-0.097370505,-104.99577953676635
4760,-0.20328334,-105.12005543718988
4761,-0.30671668,-105.22003223012143
4762,0.68856025,-105.29087826619798
4763,0.40950438,-105.44780369113141
4764,-0.15463333,-105.70510037253553
4765,-0.12648875,-105.97236014912778
4766,-0.19566667,-106.23444359014684
4767,-0.15926667,-106.47673694799596
4768,-0.15936667,-106.65141353021318
4769,-0.1968,-106.770446166498
4770,0.82551384,-106.73999043191725
4771,-0.16721864,-106.73702275949472
4772,-0.35436666,-106.73702275949472
4773,-0.21689045,-106.72877905528003
4774,-0.16586667,-106.72877905528003
4775,-0.16813333,-106.72877905528003
4776,0.62434757,-106.67490071440989
4777,0.5075489,-106.63042453686649
4778,1.132385,-106.54655817906314
4779,0.07332373,-106.52886580499762
4780,-0.19458333,-106.52886580499762
4781,0.34031498,-106.49645583155507
4782,-0.042899176,-106.48755077841633
4783,-0.08062583,-106.47614630694443
4784,-0.16521667,-106.49488705593103
4785,-0.16095,-106.59687756943458
4786,-0.20173334,-106.67113828855508
4787,-0.18261667,-106.89795088964456
4788,-0.15606667,-107.15544310408586
4789,-0.1847,-107.4251461346721
4790,-0.105344385,-107.67563116746896
4791,-0.15606667,-107.8708143253898
4792,-0.120513074,-108.03169796067232
4793,-0.20035,-108.12318064468855
4794,0.009374315,-108.14832465547079
4795,-0.07941251,-108.13955731700116
4796,0.09830659,-108.10857897262031
4797,0.32512733,-108.06509869928414
4798,0.23682758,-108.03887265744561
4799,-0.14221233,-108.03611854217888
4800,-0.20438333,-108.03611854217888
4801,-0.15935,-108.03611854217888
4802,-0.16661666,-108.03611854217888
4803,-0.20218334,-108.03611854217888
4804,-0.18058333,-108.03611854217888
4805,-0.15615,-108.03611854217888
4806,-0.19106667,-108.03611854217888
4807,-0.19546667,-108.03611854217888
4808,-0.15776667,-108.10505210362317
4809,-0.17086667,-108.18472985677363
4810,0.69103384,-108.22225286565663
4811,0.06217718,-108.42884585760476
4812,-0.1547,-108.70480371020676
4813,-0.192,-108.99438357852341
4814,0.16813983,-109.193303053602
4815,0.3579802,-109.3875085463369
4816,-0.17276667,-109.55391589306237
4817,-0.2001,-109.6530154322827
4818,-0.23131667,-109.69316394008638
4819,-0.27921668,-109.69316394008638
4820,-0.32434422,-109.68989839764254
4821,-0.34453332,-109.68989839764254
4822,-0.06431398,-109.68331589024456
4823,-0.17383334,-109.68331589024456
4824,0.48050672,-109.63890203680785
4825,-0.17008333,-109.63890203680785
4826,0.50102633,-109.59621157716902
4827,0.5942647,-109.5447002894798
4828,-0.19108333,-109.5447002894798
4829,-0.15665,-109.5447002894798
4830,0.111974806,-109.52609350938292
4831,0.24798556,-109.48415990207286
4832,-0.064329624,-109.52433939684124
4833,0.0146589875,-109.55479651909263
4834,-0.19301666,-109.63071669857891
4835,-0.19143334,-109.77930635433586
4836,0.90585136,-109.91437433879764
4837,-0.16861667,-110.2397985629359
4838,-0.2131,-110.34562851708324
4839,-0.3063,-110.61885671537311
4840,-0.19453333,-110.74467715840728
4841,0.3018805,-110.77999818544777
4842,-0.21473333,-110.79815449599118
4843,-0.28815,-110.80230404609756
4844,-0.37606665,-110.80230404609756
4845,-0.32655,-110.80230404609756
4846,-0.16276667,-110.80230404609756
4847,-0.11388284,-110.79748426457809
4848,-0.19906667,-110.79748426457809
4849,-0.13041994,-110.7956612274138
4850,-0.09048266,-110.79086310100683
4851,0.07224391,-110.77325283047685
4852,0.080604404,-110.75587262828776
4853,0.0089664515,-110.74510214255133
4854,0.047531538,-110.7301392598165
4855,-0.00052030385,-110.71168113556632
4856,-0.16258334,-110.7219098011119
4857,-0.15906666,-110.87923915182182
4858,-0.1976,-111.02151856814453
4859,-0.18691666,-111.28815300260612
4860,0.3458226,-111.49078848455974
4861,-0.17331667,-111.72648561988899
4862,0.03424775,-112.0097353557212
4863,0.77583516,-111.98966538031527
4864,-0.15535,-112.08956836034486
4865,0.03462419,-112.09105162344349
4866,-0.25171667,-112.09662762306107
4867,-0.27571666,-112.09662762306107
4868,-0.34623334,-112.09662762306107
4869,0.18352242,-112.06225958488358
4870,-0.18326667,-112.06225958488358
4871,-0.15595,-112.06225958488358
4872,-0.18944237,-112.06214208893653
4873,1.0611537,-111.98043143741961
4874,0.4211493,-111.94280840076681
4875,-0.10591148,-111.9388744802418
4876,0.10118484,-111.91928554970946
4877,-0.17805,-111.91928554970946
4878,0.3244301,-111.88808142665948
4879,0.3987346,-111.83326990802016
4880,-0.19611667,-111.95568204570736
4881,0.38649416,-112.12749447573151
4882,-0.03818795,-112.29323584485974
4883,-0.25725,-112.52742638338532
4884,-1.7761408,-112.42711462725129
4885,-1.5049194,-112.37074665624823
4886,-0.5073283,-112.3267764699849
4887,0.12434533,-111.7256504547986
4888,-0.37615582,-111.04982736233796
4889,0.1579915,-110.47244932774629
4890,0.14028364,-109.93945785883989
4891,0.904086,-109.65234130148019
4892,-0.4322132,-109.49939608100976
4893,-0.6015748,-109.32661145452585
4894,-0.3954515,-109.22456804935064
4895,-0.10020224,-109.09943452004518
4896,-1.1284242,-109.07361701030459
4897,-0.45052037,-109.0207754996809
4898,1.6218487,-108.80760592494335
4899,2.0,-108.61330469224777
4900,1.2278628,-108.43421261284675
4901,0.25802088,-108.33918017421092
4902,0.013540745,-108.29091177780356
4903,-0.08437848,-108.24011721361603
4904,-0.23773721,-108.26136388529267
4905,-0.21254829,-108.11478508163418
4906,0.41169068,-108.10519751712854
4907,-0.31194395,-108.04390324086125
4908,-1.3850023,-108.22915236085828
4909,-2.0,-108.35939883619722
4910,-1.4903214,-108.33876881554897
4911,-0.43143755,-108.3932022582012
4912,0.30948102,-108.33404674560006
4913,0.67809457,-108.12775970429357
4914,-0.19095087,-108.08563995540317
4915,-0.30918598,-108.06633469455119
4916,-0.71597576,-108.06319145408634
4917,0.0,-107.8477132126427
4918,0.6302884,-107.67545313683513
4919,-0.23750333,-107.61450827417138
4920,-0.13720553,-107.5166695445514
4921,0.069038376,-107.42713496384386
4922,1.1312091,-107.28436295983556
4923,-0.8234893,-107.28352593244927
4924,-0.30206996,-107.24408198134915
4925,-0.77362466,-107.19447342293279
4926,1.2650243,-107.10076676296012
4927,0.11786324,-107.03245740370767
4928,0.35197526,-106.88253241019265
4929,-0.5187103,-106.8337876720907
4930,-0.42973334,-107.02718693749921
4931,-0.95728797,-107.10898682461993
4932,-1.1264974,-107.27860967801826
4933,0.8717711,-107.22363397093432
4934,-1.2094144,-107.44731659801619
4935,-0.19848266,-107.70411388190405
4936,0.0,-107.59109714986698
4937,0.0,-107.4528691208543
4938,0.27350378,-107.24076134325878
4939,1.4468706,-106.9586480891885
4940,-1.6330756,-106.84067149819748
4941,0.0,-106.6854417509021
4942,0.0,-106.53092483045475
4943,0.0,-106.4405921659054
4944,-0.8240333,-106.4405921659054
4945,-0.21575916,-106.37561767907755
4946,0.04043275,-106.29622021676914
4947,-0.49823788,-106.27593293027894
4948,0.15060437,-106.19512573616521
4949,-0.50739634,-106.19469433267659
4950,-0.06807765,-106.148782297867
4951,-1.12845,-106.148782297867
4952,0.0,-106.14559552785067
4953,0.0,-106.1514103544323
4954,0.0,-106.29335123127385
4955,0.84216565,-106.41814131861611
4956,-0.032357,-106.6574823839037
4957,-0.51308024,-106.63662701485737
4958,-0.22399291,-106.85712167261227
4959,0.16612665,-107.04925785599335
4960,0.034405336,-107.20950623987301
4961,0.089313954,-107.29808583496197
4962,-0.27343363,-106.87252539036854
4963,0.6998248,-106.37674599526508
4964,-0.55359644,-106.11169418333157
4965,-0.024819352,-105.89914761124237
4966,-0.054054845,-105.84663550941332
4967,0.0,-105.73702926574333
4968,0.36760592,-105.65047813592537
4969,0.5393838,-105.52725652245863
4970,0.4676823,-105.4223931842862
4971,-0.8426277,-105.39099240688665
4972,0.60932183,-105.28777531920059
4973,0.17313541,-105.26400360105617
4974,-0.16377659,-105.18011092035158
4975,-0.30023548,-105.15967552376969
4976,0.007946968,-105.07183017594798
4977,-0.27183166,-105.09978121345921
4978,-0.19385,-105.27279504960461
4979,-0.18001667,-105.50431208139344
4980,-0.19356667,-105.78212500935479
4981,-0.16403334,-106.08414594655915
4982,-0.17443334,-106.35431732064171
4983,-0.19826667,-106.6095430386631
4984,-0.1944,-106.79768723076268
4985,0.09413719,-106.80495063647686
4986,-1.7149951,-106.41929031595646
4987,-0.14411129,-105.98158077582775
4988,-0.030912817,-105.7511869637674
4989,0.23870054,-105.57288759633957
4990,-0.4498605,-105.54591436185001
4991,-0.06680743,-105.4954466807103
4992,-0.48074853,-105.43191775552987
4993,-0.36859447,-105.40464339464961
4994,-0.6729932,-105.39556461911707
4995,0.9595417,-105.25403200428991
4996,0.7516578,-105.17045883428364
4997,0.2642945,-105.10616011511593
4998,0.10618383,-105.02963124554662
4999,0.30482042,-104.84859474342375
5000,-0.2707377,-104.83336425073503
5001,-0.29118332,-105.03390963621496
5002,-0.18108334,-105.1603377933061
5003,-0.31218332,-105.29176083453058
5004,-0.2321,-105.59983408697008
5005,-0.33773333,-105.68652662880777
5006,-0.19745,-105.9747502530372
5007,-0.16085,-106.0533212596929
5008,-0.18558334,-106.2351376736915
5009,1.0156729,-106.23218473386078
5010,0.20060411,-105.74313416671066
5011,-1.2790898,-105.36085789989738
5012,-0.59439296,-105.0466723699501
5013,-0.25101942,-104.88798805665283
5014,-0.48672333,-104.81245848875551
5015,0.0,-104.72742548923998
5016,-0.53735113,-104.66064456444292
5017,-0.59465516,-104.60627998378186
5018,1.6161519,-104.43389336731343
5019,0.40337238,-104.3534804132214
5020,0.6355841,-104.2255300280085
5021,-0.8939745,-104.22159370234294
5022,-0.29660532,-104.19384121721669
5023,0.035928637,-104.02888890927716
5024,0.002858378,-103.99320149621053
5025,-0.46661666,-104.04471957882924
5026,-0.89389557,-104.10642330920382
5027,-0.05840925,-104.37312250411196
5028,-0.19583334,-104.44041956787987
5029,-0.1956,-104.7319878173439
5030,0.4271178,-104.92861056154652
5031,-0.1935,-105.01520856296702
5032,-0.1676,-105.21398026323004
5033,-0.175,-105.31440147584362
5034,-0.93731785,-105.13452082699223
5035,-0.25137278,-104.95538990026398
5036,0.0,-104.67642183428688
5037,0.0,-104.22555585032387
5038,0.0,-104.01742152696534
5039,0.0,-103.92182928150578
5040,2.0,-103.7283643764822
5041,-0.8157454,-103.68474907999916
5042,-0.6803664,-103.66631939461513
5043,-0.9544167,-103.66631939461513
5044,1.1749873,-103.53525097122474
5045,-0.81191665,-103.53525097122474
5046,0.18373314,-103.44455540379568
5047,0.25827157,-103.30140704115911
5048,-1.0501167,-103.4192923327355
5049,0.049217373,-103.52398152848764
5050,-0.16295,-103.66607272824331
5051,0.07178582,-103.88961123129411
5052,-0.13290195,-104.03731824657007
5053,-0.1805,-104.33961208364053
5054,-0.16296667,-104.61974163552804
5055,-0.235357,-104.65234597226663
5056,-0.8787778,-104.52133691510244
5057,-0.354937,-104.33098164400144
5058,0.43948382,-104.00624391635938
5059,-0.3079157,-103.99719844678475
5060,0.3759631,-103.81015686610772
5061,0.32725403,-103.57196085074975
5062,-0.75888413,-103.50893148699834
5063,0.5644152,-103.3615148357494
5064,0.03560502,-103.25184868196084
5065,-1.1730036,-103.24124849973305
5066,0.7821236,-103.09894246993645
5067,-0.49410662,-103.03953723622544
5068,0.49736172,-102.94455089433177
5069,-0.5607358,-102.93466997159703
5070,-0.5507426,-102.88978699235304
5071,-0.60953885,-102.83306077135785
5072,-0.23428185,-102.80370476109965
5073,0.08121073,-102.79276188848598
5074,-0.70702404,-102.97262492416485
5075,0.0,-103.0497175493656
5076,0.8734608,-102.98755958316906
5077,0.19723289,-102.98041527777968
5078,-0.47824225,-103.22845999211131
5079,-0.50376606,-103.17165277957974
5080,0.0,-103.06791407674609
5081,0.0,-102.92703274697124
5082,0.0,-102.79984479457198
5083,0.3133937,-102.58243753820716
5084,-0.20941828,-102.4359829059249
5085,0.467614,-102.23802668660937
5086,0.4861344,-102.08357361763774
5087,-0.74708915,-102.02700233519136
5088,0.89045525,-101.86690375268518
5089,0.50037,-101.76532370656787
5090,0.62551016,-101.63104278653918
5091,0.5524709,-101.49953017443477
5092,0.7621937,-101.39125033527671
5093,0.038749695,-101.33805652394949
5094,0.0025773048,-101.28098691687046
5095,0.0007686615,-101.23747037038265
5096,-1.0115001,-101.24580970373063
5097,-1.7281834,-101.291839975529
5098,-0.31648332,-101.55625035207777
5099,-2.0,-101.63469898294716
5100,0.16171622,-101.67266405340342
5101,-1.2274712,-101.69453037496714
5102,0.48417345,-101.64156131040363
5103,-0.2839019,-101.57348581742554
5104,-0.12723595,-101.49333768677025
5105,0.20274585,-101.34884187173157
5106,0.27864137,-100.89626028727798
5107,-0.48130593,-100.47999530624656
5108,0.0,-100.08907991241722
5109,0.0,-99.91398401152401
5110,0.16766825,-99.79988291453628
5111,-0.15864484,-99.68841624599008
5112,-0.14120695,-99.59268470447569
5113,0.90172344,-99.43635385077505
5114,0.08734804,-99.3317137319973
5115,-0.38031512,-99.29340805079846
5116,0.41162595,-99.20669961687236
5117,-0.76708335,-99.20669961687236
5118,0.212205,-99.12894521620183
5119,0.14102255,-99.00277629461198
5120,0.30304098,-98.87490928139596
5121,-0.6885227,-99.05683447387128
5122,-0.25413588,-99.14165873047023
5123,-0.31331003,-99.39561871405749
5124,-0.08117245,-99.63073148544936
5125,-0.3325776,-99.65464465472905
5126,-0.6340218,-99.63401954401343
5127,-0.85583854,-99.8088464342436
5128,-0.25512466,-99.90309306014387
5129,-0.19238725,-99.66023435223906
5130,0.15298273,-99.28165723908751
5131,-0.14469358,-99.05969591964094
5132,0.3708701,-98.86811796356051
5133,-0.08859882,-98.67475262809603
5134,-0.2537708,-98.57839581895678
5135,0.0,-98.46640515852778
5136,-0.19325629,-98.38786498982518
5137,0.58950096,-98.26367376525013
5138,0.54415816,-98.12901057083218
5139,-0.58668643,-98.07675727609603
5140,-0.6674215,-98.03005726043193
5141,-0.1956,-98.03005726043193
5142,0.5203222,-97.92486956868379
5143,0.03128023,-97.86194626394717
5144,-1.4287387,-97.92673756334989
5145,0.19500934,-97.98640642840473
5146,-0.2476164,-98.18401191908924
5147,-0.22318333,-98.45242465812771
5148,-0.19961667,-98.75308827836125
5149,0.22355765,-99.02539731342404
5150,0.9252455,-99.19965272922127
5151,-0.20111667,-99.41207365471928
5152,-0.1868184,-99.59669002670853
5153,0.053414177,-99.68309458870499
5154,-0.32850206,-99.19912040013878
5155,-0.7073673,-98.78836747784226
5156,-0.67774993,-98.38515406627266
5157,0.0,-98.01548281092255
5158,0.0,-97.97809264589159
5159,0.0,-97.88007914800255
5160,-0.098556176,-97.78543197143881
5161,-0.7670855,-97.74056803215353
5162,-0.4520748,-97.70498106036393
5163,1.0651848,-97.58260546777456
5164,0.36594886,-97.46742229316442
5165,-0.1440603,-97.42975113321154
5166,-1.1292307,-97.40500763397722
5167,-0.07070385,-97.28214843165188
5168,-0.382443,-97.27229911614268
5169,-1.2465667,-97.3678760134062
5170,0.023106314,-97.53235227394907
5171,-0.05794011,-97.76397841204016
5172,0.0,-98.0265121661505
5173,0.0,-98.0845834218344
5174,0.0,-98.12968344394176
5175,0.8482349,-98.14028006479202
5176,0.76283646,-98.23133136764227
5177,-0.16251667,-98.34437797650753
5178,0.41892257,-98.0254842160648
5179,-1.4238842,-97.94222469314991
5180,-0.25539842,-97.84527600988804
5181,1.1056938,-97.55390850886761
5182,-0.45677286,-97.47031891033112
5183,-0.39087334,-97.36298701599299
5184,-0.80535007,-97.33210552170931
5185,-0.7861322,-97.28935278639256
5186,-1.161465,-97.27283943504153
5187,0.06410943,-97.16674798786698
5188,0.8647537,-97.03719191312848
5189,0.561283,-96.94420184999763
5190,-0.03622506,-96.87963139325439
5191,0.2349544,-96.78445911467134
5192,-1.6929379,-96.86450605899154
5193,-0.11507467,-96.89115590475558
5194,0.07842088,-97.04750461004733
5195,-0.07385983,-97.2843910666561
5196,1.1976846,-97.4257657291746
5197,0.36161456,-97.51066441707371
5198,-0.25270066,-97.56333976112364
5199,1.2440351,-97.63165151201247
5200,-0.24688333,-97.80299124740122
5201,0.069694296,-97.8947708892083
5202,0.6354518,-97.328277437613
5203,0.007260978,-96.86402618758439
5204,0.96623075,-96.34449005000351
5205,-1.7473512,-96.04985815160035
5206,-0.36836618,-95.93912629656552
5207,-1.0420386,-95.91322738736926
5208,0.31928265,-95.80724819064199
5209,-0.23404828,-95.7253719127184
5210,-0.56053525,-95.6735237097746
5211,-0.86183673,-95.63650317922293
5212,0.8950944,-95.52539145633637
5213,-0.3554939,-95.49427772931813
5214,0.96111375,-95.35671408347844
5215,-0.657743,-95.24081142120122
5216,-0.7676833,-95.36133375637291
5217,0.45719823,-95.41431766621827
5218,-0.19063333,-95.60801233224629
5219,-0.17521924,-95.85943926744221
5220,0.24669832,-96.094156562016
5221,-0.19036667,-96.38493755333184
5222,-0.1609,-96.66004371516465
5223,-0.16365,-96.89738963417767
5224,-0.29374334,-96.3985301094508
5225,0.08454947,-95.89712713532208
5226,-1.0430804,-95.71497601144074
5227,-0.05101875,-95.4707722353196
5228,0.0,-95.24765106909035
5229,0.0,-95.05020707719086
5230,0.0,-94.93845257781504
5231,0.0,-94.82940424852131
5232,-1.5608,-94.82940424852131
5233,-0.88357645,-94.78738346569298
5234,-0.012945473,-94.68048742286919
5235,-0.41878608,-94.64789877332805
5236,1.4619997,-94.48986754812358
5237,-1.4558,-94.48986754812358
5238,-0.025156533,-94.43941497676133
5239,0.0,-94.31421306602715
5240,0.0,-94.23626916728972
5241,0.0,-94.15829080216645
5242,0.0,-94.11326228700636
5243,0.0,-94.07844947896956
5244,0.0,-93.99194896839617
5245,0.0,-94.14882770799159
5246,0.0,-94.43709424756526
5247,0.0,-94.66060771666525
5248,0.0,-94.81523204468249
5249,0.0,-94.90031058214663
5250,0.0,-94.9141814425966
5251,0.0,-94.89783285897283
5252,0.09124571,-94.87640155445843
5253,-0.086043425,-94.8672252936667
5254,0.0,-94.85499987717776
5255,0.0,-94.84316229414253
5256,-0.15573333,-94.84316229414253
5257,-0.15965,-94.84316229414253
5258,-0.18785,-94.84316229414253
5259,-0.022818547,-94.83222399991064
5260,-0.1619,-94.83222399991064
5261,-0.15638334,-94.83222399991064
5262,0.10273344,-94.8133523255965
5263,0.14366509,-94.79185801338463
5264,-0.11427202,-94.80151254463999
5265,-0.15253334,-94.8439343735954
5266,-0.1841,-94.94781853411405
5267,-0.048109695,-95.03697551939695
5268,1.1931056,-95.02652153711824
5269,-0.15313333,-95.14644615691213
5270,-0.17818333,-95.22074167024402
5271,0.38960427,-95.23176651693939
5272,-0.22989896,-95.27815804503916
5273,-0.7564669,-95.10795492552279
5274,-0.8347945,-94.9093284370756
5275,-0.22791392,-94.680622509346
5276,0.292838,-94.44117630146502
5277,-0.678872,-94.35523582123278
5278,-0.3700488,-94.31295541174768
5279,-0.1772761,-94.2739874447143
5280,0.12635069,-94.2159694867587
5281,-0.24300228,-94.18183163799404
5282,-0.07574402,-94.13041083388089
5283,-0.16147657,-94.09186431266426
5284,-0.16916667,-94.09186431266426
5285,0.3449954,-94.01980344452022
5286,0.1755974,-93.96136752761959
5287,-0.56256664,-93.94446632511972
5288,-0.10871154,-93.7625523830211
5289,0.2527514,-93.68296189852117
5290,0.008687966,-93.80572618044971
5291,0.028266864,-94.0662767986214
5292,-0.5128925,-94.35638488330005
5293,-1.0871667,-94.70118496812938
5294,0.13347048,-94.65094585962652
5295,-0.2356681,-94.7718351060903
5296,-0.7668833,-94.91586737580656
5297,0.28430176,-94.76176169760583
5298,-0.27417168,-94.27758932359575
5299,-0.016120614,-93.93476006634592
5300,-0.03856441,-93.64524558432458
5301,0.32157052,-93.41463725514768
5302,0.529069,-93.3675651872909
5303,0.079298094,-93.34784214630781
5304,1.2196237,-93.25585911110102
5305,0.20273118,-93.23157633528172
5306,0.7177094,-93.13108139172255
5307,0.32127,-93.09719559237419
5308,0.42645022,-93.05640374556242
5309,0.30005017,-92.98236873433052
5310,0.10527215,-92.96474146157561
5311,-0.49948335,-92.96474146157561
5312,0.60244083,-92.79209344893752
5313,-0.54985756,-92.77547496058105
5314,-0.3644,-92.79473419547139
5315,-0.29533333,-92.85971839785634
5316,-0.31395,-92.93683052867709
5317,-0.49626666,-93.00195107668696
5318,-0.36113617,-93.07203718334495
5319,-0.6369872,-93.1371515175706
5320,1.2281168,-92.83536473721324
5321,0.45849547,-92.77313849389611
5322,-0.42060962,-92.75293055236398
5323,-1.0930495,-92.69766535669623
5324,0.28635028,-92.50732801169215
5325,0.90562767,-92.36830963999091
5326,0.13961105,-92.34478867299913
5327,0.04733619,-92.32693840436696
5328,-0.07202445,-92.31865357667266
5329,0.23214725,-92.29088900670467
5330,-0.17145,-92.29088900670467
5331,0.5801441,-92.24141789287387
5332,0.17461474,-92.2162207687652
5333,0.2641546,-92.18646238617657
5334,0.15148038,-92.15056416265725
5335,0.031624794,-92.01577366761921
5336,-1.2945043,-92.12579948328494
5337,-1.0208938,-92.26296155773161
5338,0.33470944,-92.27797283850668
5339,-0.19033334,-92.56146194659232
5340,-0.16428334,-92.88697450481413
5341,-0.46993333,-93.04314773403166
5342,-0.33673334,-93.20586966596602
5343,-0.121093646,-93.44091091178416
5344,0.6137927,-93.4439433413936
5345,-1.2311138,-93.12980778994097
5346,0.31489125,-92.66514932097925
5347,-0.4111918,-92.38873412193789
5348,0.7631326,-92.20305842639937
5349,-0.72433597,-92.1297515976621
5350,0.0,-92.08564368369116
5351,0.62981415,-91.99020435394777
5352,0.36433318,-91.90545086296333
5353,-0.17188333,-91.90545086296333
5354,-0.7161977,-91.9029298004607
5355,1.0192614,-91.78385881603754
5356,-0.30848286,-91.78145378515183
5357,-0.49934953,-91.73743142247258
5358,-0.1313609,-91.73542363139859
5359,-0.57964486,-91.70060554835072
5360,1.3574965,-91.54727057310811
5361,-0.45032632,-91.68491467031708
5362,0.7821431,-91.695804890609
5363,1.1550413,-91.80532903633139
5364,-0.16161667,-92.1174883957865
5365,0.23944134,-92.13625051676354
5366,-0.19008334,-92.44620518981537
5367,-0.19106667,-92.73926281034073
5368,-0.16995,-92.88593927620968
5369,-0.17548333,-93.01822284459195
5370,-1.9650278,-92.91521162389836
5371,-0.48622802,-92.6919677019032
5372,-0.83513284,-92.62525708823523
5373,-0.027379408,-92.5629370011302
5374,-0.28535438,-92.53013178556284
5375,0.46102485,-92.48631475715956
5376,0.22752568,-92.40922634153685
5377,-0.87077135,-92.40510889644793
5378,0.5466398,-92.32424522693327
5379,0.4758361,-92.25049388165644
5380,-0.18100521,-92.21003930772713
5381,-0.16943334,-92.21003930772713
5382,-0.15911667,-92.21003930772713
5383,-0.7670459,-92.0952994054096
5384,-0.10150687,-92.1508340252476
5385,0.9791692,-92.1442979102867
5386,-0.1672,-92.38437779004744
5387,-0.16566667,-92.56856000180414
5388,0.035448194,-92.86767908687762
5389,-0.41038334,-93.18410295005015
5390,0.36515936,-93.34892482812575
5391,0.53089786,-93.44108901674917
5392,-0.46455,-93.63015104587248
5393,-1.4629633,-93.27039350326231
5394,0.13512525,-92.66016722972563
5395,-0.17824769,-92.53702348972729
5396,-0.83612406,-92.45682805533579
5397,-0.004368201,-92.33990399296454
5398,0.70751095,-92.24095920975378
5399,-0.5832746,-92.20538956428936
5400,-0.30737358,-92.1733688464301
5401,-0.1495386,-92.07597861195973
5402,0.40325898,-92.03418627883366
5403,-0.7222667,-92.03418627883366
5404,-0.06503817,-92.01950526087603
5405,0.24814755,-91.95300283878169
5406,-0.18095,-91.95300283878169
5407,0.5295484,-91.81269286423048
5408,-0.11000003,-91.8053936407814
5409,-0.34568852,-91.90983998485899
5410,-0.571204,-92.03221403517819
5411,0.22749949,-91.94050109841919
5412,0.64426166,-91.90973312863207
5413,0.0034465506,-91.93691511162615
5414,0.008977325,-91.99372363173461
5415,-0.091349274,-91.98596703157818
5416,-0.045558464,-91.94871422545111
5417,0.18509065,-91.88035182551539
5418,-0.56807506,-91.85527988606191
5419,-0.47229037,-91.80051567860937
5420,-1.0048709,-91.76197312482691
5421,0.497572,-91.6602531940589
5422,0.92490405,-91.58275126376247
5423,0.33448142,-91.54939663865662
5424,0.6765847,-91.49043504976726
5425,-0.1798,-91.49043504976726
5426,-0.16613333,-91.49043504976726
5427,-0.050431043,-91.44315389999247
5428,-0.20108333,-91.44315389999247
5429,-0.17255,-91.44315389999247
5430,0.73443866,-91.37842005946732
5431,-0.44909215,-91.31708230161166
5432,-0.30943334,-91.34214649618661
5433,-0.04161625,-91.39218798176444
5434,-0.16588333,-91.54896946148074
5435,0.08561909,-91.65953971342242
5436,0.12587169,-91.94500760630763
5437,-0.12883578,-92.03304614768422
5438,-0.17675,-92.19488599048054
5439,0.4973486,-92.18354216114676
5440,0.3577228,-92.1604549613694
5441,-0.8426464,-92.15474432556948
5442,-0.69045,-92.15742082441284
5443,0.42761552,-91.91206541204883
5444,-0.3828336,-91.82839418495132
5445,-0.21701863,-91.78329839849903
5446,-0.05995942,-91.77355984518363
5447,-0.20823333,-91.77355984518363
5448,-0.18901667,-91.77355984518363
5449,0.99399257,-91.6589945844753
5450,-0.14250441,-91.65540687147586
5451,-0.20675,-91.65540687147586
5452,-0.20015,-91.65540687147586
5453,0.744051,-91.58741355840175
5454,-0.37764713,-91.57100412216096
5455,-0.52926666,-91.57100412216096
5456,-0.8583861,-91.63400682773499
5457,-1.2930666,-91.68386806886701
5458,-0.364721,-91.93862615864782
5459,-0.463567,-92.03794951330929
5460,0.0,-92.20526064526348
5461,0.26273972,-92.45514909517078
5462,0.965554,-92.55707520585565
5463,0.4311224,-92.5481321063271
5464,-1.0588334,-92.74088986184506
5465,0.5919338,-92.67377077754645
5466,-1.0210209,-92.24314074929862
5467,0.0,-91.89812075313239
5468,0.0,-91.52607267316489
5469,0.0,-91.31619200822024
5470,0.1689982,-91.28491737660079
5471,1.0281328,-91.16075008329062
5472,2.0,-90.960785172545
5473,1.3006401,-90.83629565652518
5474,0.06567192,-90.78306790035276
5475,-0.27548087,-90.74766549062042
5476,0.29454327,-90.67443368922977
5477,0.015367031,-90.61489150267153
5478,0.0014081001,-90.60262439273356
5479,-0.61773336,-90.60262439273356
5480,0.23206414,-90.49598955236434
5481,-0.28905,-90.56527554117201
5482,0.21918792,-90.74831720314978
5483,0.44847783,-90.78309545166849
5484,-0.6188718,-91.10140714295267
5485,-0.3159827,-91.4118711376941
5486,-0.3215,-91.71977368243097
5487,-0.52098334,-91.96806556232332
5488,-0.41482112,-92.1040134603536
5489,-0.8898947,-92.04100186623691
5490,0.5661324,-91.40449948109745
5491,-0.8145306,-91.01671368874668
5492,0.16390024,-90.65988535679935
5493,-2.0,-90.61374077819346
5494,-0.077692814,-90.60095914512931
5495,-0.17766903,-90.55281596690475
5496,0.9582268,-90.40903314262687
5497,0.43708915,-90.3567651851481
5498,0.79411715,-90.24877307251154
5499,-0.19043334,-90.24877307251154
5500,-0.74976665,-90.24877307251154
5501,-0.7104211,-90.2427998600906
5502,0.38599628,-90.16522369220911
5503,0.3416956,-89.99539430871664
5504,-0.027268076,-89.95657575190125
5505,-0.05583722,-90.0259384742385
5506,-0.18398333,-90.24450687378703
5507,-0.18756667,-90.52231455653964
5508,0.3258306,-90.77884502023517
5509,-0.026981205,-91.0668138644105
5510,-0.33431667,-91.35106615036784
5511,-0.2398,-91.59840881139098
5512,-0.16425155,-91.78368940264045
5513,-0.19151667,-91.8953112593299
5514,-0.37354177,-91.41943507701217
5515,1.1564025,-90.91493313819228
5516,-0.26996386,-90.70277730435191
5517,-0.3291518,-90.60864984303771
5518,-0.014076655,-90.56764090865909
5519,-0.86693335,-90.56764090865909
5520,1.4662764,-90.4071596047288
5521,-0.20820901,-90.34177236318646
5522,0.22569656,-90.30267833605467
5523,-0.0789167,-90.25639075845538
5524,-0.19818333,-90.25639075845538
5525,-0.61489683,-90.24932288531272
5526,-0.021577775,-90.20169594291656
5527,-0.12721276,-90.10698274675815
5528,-0.2996089,-90.12224198937474
5529,-0.35155854,-90.24421001285373
5530,-0.18731667,-90.46583028942405
5531,-0.16256666,-90.74535503298102
5532,-0.17948334,-91.05770837575255
5533,0.23187278,-91.32873832494079
5534,-0.31101668,-91.6299326649314
5535,-0.19145,-91.89648043423949
5536,-0.19075,-92.08547589987575
5537,0.4349084,-92.14309870138823
5538,-0.5957811,-91.58694415226637
5539,-1.3348658,-91.35654837325274
5540,-0.108656205,-91.26127177909075
5541,0.2138845,-91.13634062245546
5542,-0.20255028,-90.98623289600073
5543,0.0,-90.88841873094498
5544,-0.03444233,-90.79468823656498
5545,-0.5068689,-90.76149288252054
5546,0.7053709,-90.66210002884327
5547,-0.12636417,-90.56980204269348
5548,0.5043368,-90.51391915291606
5549,0.60522777,-90.43389260083495
5550,-0.5096205,-90.412062598989
5551,-0.44816667,-90.412062598989
5552,0.39290234,-90.45678911976574
5553,-0.26185,-90.67725258939026
5554,0.20810296,-90.87659568958043
5555,-0.16088334,-91.18020118646382
5556,-0.18031667,-91.51739381127118
5557,-0.37906668,-91.84940607719182
5558,-0.24466667,-92.16229335837124
5559,-0.18033333,-92.43679638080357
5560,-0.16970001,-92.61283627025841
5561,0.41187766,-92.07922008507012
5562,0.5860668,-91.56486287586449
5563,0.6159344,-91.33317248396634
5564,-1.7043489,-91.31783024933247
5565,-0.2107791,-91.19644139673619
5566,-0.71705234,-91.12611047145037
5567,-0.8720737,-91.10179335031717
5568,-0.4286334,-91.05411260727851
5569,-0.70437104,-91.01595897380321
5570,0.39391255,-90.94106299582927
5571,0.8954818,-90.8265915975353
5572,2.0,-90.64599235508649
5573,0.24383579,-90.58149269376008
5574,0.12840505,-90.56265103224723
5575,-0.7065619,-90.52333872545569
5576,-0.5096706,-90.63217051107495
5577,0.19890039,-90.57466180775373
5578,-0.2924728,-90.63335273940174
5579,-0.32969078,-90.73037672568171
5580,-0.8181386,-90.96984048713057
5581,-1.0478894,-91.28485481966345
5582,0.11294833,-91.34310412559716
5583,-0.08775979,-91.45465661738126
5584,0.458385,-91.30982259068696
5585,-0.13567728,-91.27459894273488
5586,-0.23853308,-91.26900826733618
5587,-1.0670649,-91.2390626497945
5588,0.50541925,-91.17875873077719
5589,-0.30083334,-91.17875873077719
5590,-0.28866008,-91.1758073031815
5591,0.47891518,-91.11719040422759
5592,-0.39022934,-90.73051057606062
5593,-0.10050423,-90.39079920797667
5594,0.010432485,-90.0891320839437
5595,-0.66164315,-89.9515147194179
5596,-0.7891167,-89.9515147194179
5597,0.6249863,-89.85404269247374
5598,0.9585891,-89.73522882758698
5599,0.4872672,-89.68119862898311
5600,-0.4341,-89.79233536346874
5601,-0.049876027,-89.79702878826356
5602,-0.6725,-90.04576789670682
5603,0.3933891,-89.92474343710637
5604,-0.5374412,-90.22921820812917
5605,-0.08319258,-90.4774527632544
5606,-0.8483122,-90.70401788585878
5607,0.34266466,-90.63054649614787
5608,-0.042557955,-90.60802713305748
5609,-0.107238375,-90.54291409523285
5610,-0.45298836,-90.4599254977802
5611,-0.031009391,-90.34778053582704
5612,-0.38923118,-90.27218648315466
5613,1.3203024,-90.06274441898859
5614,-1.2536472,-90.02012807400024
5615,0.0,-89.93987149269378
5616,-1.39555,-89.93987149269378
5617,-0.4049881,-89.91492372089124
5618,2.0,-89.73520631426072
5619,-0.7909833,-89.73520631426072
5620,0.8684103,-89.62558206253743
5621,-0.35886666,-89.62558206253743
5622,0.37055576,-89.56520427473879
5623,0.24165154,-89.49154573389387
5624,-0.49583334,-89.51774614200986
5625,0.69346577,-89.54097916827595
5626,-0.37714332,-89.77388084576523
5627,-0.64915,-90.01284783230221
5628,-0.9858895,-90.3077260170976
5629,0.08100319,-90.54964517698681
5630,-0.32745,-90.87505742059147
5631,-0.28088334,-91.1534254168073
5632,-0.42523333,-91.3592120026151
5633,0.053372875,-91.27640595928824
5634,-0.4478636,-91.03316835955775
5635,0.0,-90.92036411062873
5636,0.0,-90.84662702576315
5637,0.0,-90.7180299450556
5638,0.0,-90.59363836691773
5639,0.21052596,-90.5206416760484
5640,-0.046242572,-90.47234728084004
5641,0.040026832,-90.4180922050873
5642,-0.79321665,-90.4180922050873
5643,-0.38857722,-90.39470372804499
5644,-0.18191667,-90.39470372804499
5645,-0.3582062,-90.36681154825783
5646,-0.016221546,-90.35538378161436
5647,0.7605567,-90.2254046480084
5648,-0.4543,-90.24009161432332
5649,-0.27468333,-90.26962991607434
5650,0.7316211,-90.13974477899319
5651,-0.19515,-90.45381399047619
5652,1.298475,-90.48009491887933
5653,-0.39748332,-90.75073338476068
5654,-0.7242629,-90.60480291572458
5655,-0.26245,-90.73100056675321
5656,0.29556385,-90.75353098650521
5657,-0.24265,-90.8276899157936
5658,-0.14456171,-90.45510518540686
5659,-0.6688435,-90.16429805745429
5660,-0.46085453,-89.87551096071547
5661,-0.1609335,-89.58144447197265
5662,0.29660428,-89.44923202683276
5663,-0.06970215,-89.35627025355643
5664,0.75587046,-89.24325017620868
5665,-0.026765019,-89.19474273909873
5666,1.7086679,-89.03472459306067
5667,0.63902617,-88.94009265293425
5668,-0.7987667,-88.94009265293425
5669,-0.149554,-88.93851774641371
5670,-0.6074333,-88.93851774641371
5671,0.5395375,-88.80448902853823
5672,-0.68523335,-88.8195119145239
5673,-0.25618333,-88.86434402120358
5674,-0.11498144,-89.06676357043034
5675,0.5081483,-89.28533778143174
5676,0.0056576133,-89.44778898906952
5677,-0.25526667,-89.81109542203194
5678,-0.18806666,-89.88837499720103
5679,0.61173517,-90.08338025015837
5680,-0.18273333,-90.30299304229266
5681,-0.2116,-90.3425530585373
5682,-0.12870488,-90.07319743362314
5683,0.15560722,-89.9947744700039
5684,-0.38726264,-89.98915929150826
5685,-1.2798278,-89.92092626345402
5686,0.024059344,-89.79406732869393
5687,-1.1994907,-89.78802713741607
5688,0.54890746,-89.69590432186669
5689,0.30560386,-89.61358482380456
5690,0.16389295,-89.5554373673076
5691,0.15499803,-89.49158908044046
5692,-0.48391667,-89.49158908044046
5693,-0.050507072,-89.4427940434689
5694,0.85224277,-89.33995475982374
5695,-0.7120659,-89.31938278664893
5696,-0.7450567,-89.41650055338687
5697,0.14865524,-89.47292904545611
5698,0.52650326,-89.62881717075652
5699,-0.19431667,-89.92001369585341
5700,-0.16301666,-90.26434361924476
5701,-0.15903333,-90.61686262478179
5702,-0.19283333,-90.75441388775653
5703,-0.19401667,-90.86116377254075
5704,-0.1017179,-90.89634174470848
5705,0.19916748,-90.9528157113964
5706,0.13686325,-90.6169280110771
5707,-0.24444887,-90.25212952484435
5708,-0.46280664,-89.94492262591666
5709,-0.69405663,-89.6707888244564
5710,-0.3340252,-89.54352480162925
5711,-0.79926926,-89.53927072127408
5712,0.04073384,-89.44351702918357
5713,0.1837281,-89.3812885357911
5714,-0.11461515,-89.34045435478038
5715,0.17235048,-89.27728624631709
5716,-0.5823353,-89.26087820706016
5717,1.1183261,-89.13405177173263
5718,-0.1957,-89.13405177173263
5719,-0.35686666,-89.13405177173263
5720,-0.78464866,-89.22692022648698
5721,0.15351248,-89.33329659131414
5722,0.3466481,-89.50836857584363
5723,-0.16101667,-89.8127151074732
5724,-0.16681667,-90.16251122382528
5725,0.25916535,-90.28489729938156
5726,-0.19091667,-90.55679395970947
5727,-0.16023333,-90.83495927033073
5728,-1.0176623,-90.78499104258663
5729,-0.85101664,-90.88970239636546
5730,-0.52624565,-90.7363994288171
5731,0.0,-90.59941843328124
5732,0.0,-90.5140138509596
5733,0.0,-90.40892077413446
5734,0.0,-90.33982469317561
5735,0.0,-90.2671287002886
5736,-1.26885,-90.2671287002886
5737,-0.23826674,-90.24812270690745
5738,0.57389224,-90.16140779842681
5739,0.25578457,-90.11022888858861
5740,0.8385097,-90.00447109331435
5741,-0.122666925,-90.00157319301798
5742,-0.7229122,-89.95750181669428
5743,-0.20463666,-89.9097172870679
5744,-0.47466666,-90.00945399994089
5745,-0.2761,-90.16061829323007
5746,-0.12028669,-90.18052393304242
5747,-0.40225,-90.48488670693769
5748,0.45512438,-90.48107633892505
5749,-0.05876833,-90.4157590657851
5750,-0.19775689,-90.3531182572624
5751,0.5927759,-90.20345457051008
5752,0.0267227,-90.02443312261312
5753,0.79360497,-89.83174327168672
5754,-0.68523335,-89.83649622382654
5755,0.0035044998,-89.77637851717009
5756,0.19922903,-89.66245113046898
5757,-0.33965635,-89.48566238315834
5758,0.019871607,-89.31642372639908
5759,0.26180148,-89.19834030153288
5760,-0.61540186,-89.14043842734827
5761,-0.65104884,-89.11510243559314
5762,0.16240901,-89.06350485155417
5763,-0.38216645,-89.01276475111081
5764,-0.18310064,-88.98021604413225
5765,0.57332474,-88.86049635255767
5766,-0.1873,-88.86049635255767
5767,-0.42161667,-88.86049635255767
5768,-0.61501974,-88.90804629320337
5769,-0.64863336,-89.07307897800638
5770,0.2637715,-89.07246930240944
5771,0.7535881,-89.12325377106026
5772,-0.3562998,-89.46843449115113
5773,-0.5895192,-89.43242567493871
5774,0.0,-89.28745823814825
5775,0.0,-89.28273905203969
5776,0.041472368,-89.1444093822065
5777,-0.038758747,-88.97773493216664
5778,0.0,-88.9003490893665
5779,0.53313386,-88.77702456102998
5780,-0.3680508,-88.76480136388273
5781,0.90037996,-88.57219467633695
5782,-0.87972975,-88.5076700332138
5783,-0.04582492,-88.4160671489808
5784,-0.34799567,-88.35035403394431
5785,-0.37395915,-88.32346088015765
5786,-0.78508335,-88.32346088015765
5787,-0.5873832,-88.31218120684207
5788,0.5451392,-88.22791483481706
5789,-0.5203965,-88.20490568918467
5790,-0.19741666,-88.20490568918467
5791,-0.3703,-88.20490568918467
5792,0.09858146,-88.27467125696421
5793,0.27007607,-88.37090475899458
5794,-0.37839916,-88.4316885885346
5795,0.59709305,-88.64803988901258
5796,0.3813757,-88.69248021436215
5797,0.052360367,-88.77911039484025
5798,-0.034147367,-88.70699049574614
5799,-0.98081136,-88.8716023866582
5800,0.6821387,-88.60485595506907
5801,0.3352728,-88.53771900427819
5802,-0.40280437,-88.47586587486148
5803,0.47596171,-88.31768003520847
5804,-0.06353117,-88.2384969037521
5805,-0.24636006,-88.10824081716419
5806,1.3594525,-87.94256541547657
5807,1.1971391,-87.76920679626346
5808,-0.14897694,-87.72554804799438
5809,-0.56760454,-87.70097509441257
5810,0.7541426,-87.60135549721599
5811,0.25059518,-87.53693431285501
5812,0.75571555,-87.43564381120086
5813,-0.3710314,-87.43195493538224
5814,0.7039049,-87.34654244799458
5815,-0.55695,-87.34654244799458
5816,0.45336384,-87.15821665544354
5817,-0.49444252,-87.30008761603676
5818,-0.09840092,-87.34340219218575
5819,-0.35158545,-87.63004906494461
5820,0.106529295,-87.65515124630474
5821,-0.8080217,-87.97219696473621
5822,-0.76022273,-88.22095921468281
5823,0.43359187,-88.3285329995706
5824,-0.29261667,-88.51449172776483
5825,0.5988741,-88.43526854943775
5826,-0.55559134,-87.92816850375675
5827,0.8055926,-87.43375840615772
5828,-0.39034393,-87.06625780295872
5829,-0.4987966,-86.89400109481358
5830,-1.3156,-86.89400109481358
5831,0.6795901,-86.77984116059088
5832,-0.56445616,-86.75961572882079
5833,-0.78793335,-86.75961572882079
5834,-0.15098952,-86.67669130321883
5835,-0.20645,-86.67669130321883
5836,-0.536575,-86.6547218469932
5837,-0.523914,-86.62844867278181
5838,0.4228497,-86.54552060384594
5839,0.43851912,-86.39057861287438
5840,-1.0970562,-86.48066781480156
5841,0.0,-86.6113483907684
5842,0.0,-86.77772025782906
5843,0.0,-86.99100367743813
5844,0.0,-87.28985969741188
5845,0.0,-87.597588196586
5846,0.0,-87.88056574780785
5847,0.9111101,-87.84584487621032
5848,-0.19098334,-88.02129152063571
5849,-0.05852257,-88.10366990808689
5850,0.18388139,-87.78711077217304
5851,-0.7750442,-87.66940082256042
5852,0.0,-87.52893256787502
5853,0.0,-87.38559348527633
5854,0.19147421,-87.25400481764518
5855,-0.1812605,-87.17610732857429
5856,0.1782198,-87.07349270973646
5857,0.09958696,-87.0011767262622
5858,-0.41850388,-86.97761989403807
5859,-0.3108617,-86.90800132621371
5860,-0.120642304,-86.86338916067325
5861,0.315217,-86.8298643084272
5862,-0.49879497,-86.80686048250936
5863,-0.65061086,-86.76053830813908
5864,-0.557091,-86.75113661419891
5865,-0.3737703,-86.86969897728704
5866,-0.14123023,-87.10592587869905
5867,-0.18371667,-87.40853427928232
5868,-0.16115,-87.73108034413599
5869,-0.1588721,-87.99934234302782
5870,0.0,-88.27119015734934
5871,0.0,-88.49704725127958
5872,0.0,-88.65773989837908
5873,0.74016094,-88.65735049844079
5874,-0.7025129,-88.19846098423295
5875,0.0,-87.76897131204896
5876,0.0,-87.39897074103646
5877,0.0,-87.28701366037421
5878,0.0,-87.18400491327338
5879,0.0,-87.13294958249026
5880,-0.5241714,-87.06906030997925
5881,-0.7494365,-87.06546601555601
5882,-0.95988333,-87.06546601555601
5883,0.6056691,-86.97618835321919
5884,-0.79193336,-86.97618835321919
5885,-0.5875281,-86.96127051296935
5886,0.9642718,-86.83725127014623
5887,-0.5087507,-86.77673883172974
5888,1.0100455,-86.66613756302104
5889,-0.2805,-86.83333744290576
5890,-0.1961,-87.07312135580287
5891,-0.16956666,-87.37542577269778
5892,-0.16003333,-87.70268987301097
5893,1.0136496,-87.9021368938993
5894,0.15653874,-88.17013380113349
5895,-0.18845,-88.4203191119741
5896,0.18954784,-88.55771006825671
5897,-0.9924527,-88.56090121758461
5898,0.44109356,-88.17470043194771
5899,0.50293916,-87.92983856094361
5900,-0.33878252,-87.83172209603072
5901,0.17509551,-87.72430446786166
5902,-1.236455,-87.67761421245814
5903,0.0,-87.60433538300276
5904,1.0684538,-87.45451229852915
5905,0.38825458,-87.33460541856766
5906,1.1944884,-87.24175583613396
5907,0.6832833,-87.13783709002018
5908,-0.350886,-87.11042676535726
5909,0.40479755,-87.0404045846808
5910,0.020879745,-86.99169273716689
5911,0.001683712,-86.933814548378
5912,0.00072431564,-86.93651114609384
5913,0.0006761551,-86.94379016077437
5914,0.0006737709,-86.80497077917971
5915,0.0006737709,-86.68123785471835
5916,-0.07906276,-86.87677250122942
5917,-1.0445751,-87.04351457273879
5918,-0.25682896,-87.26755296504416
5919,-2.0,-87.54836472189345
5920,0.26869673,-87.44332985645451
5921,-0.7294397,-87.37310411101498
5922,0.96033907,-87.22033421760716
5923,-0.7586914,-87.16030940851488
5924,-0.9379444,-87.09403288057365
5925,-0.40943503,-86.97867966881313
5926,-0.6039866,-86.92038788339414
5927,-0.3809615,-86.88806521585502
5928,0.43857834,-86.77587120672979
5929,0.16044334,-86.70266105672636
5930,0.029818889,-86.64892108058848
5931,-0.032101773,-86.59585519573011
5932,-0.75705,-86.59585519573011
5933,-0.20725,-86.59585519573011
5934,0.22355993,-86.53070396622934
5935,0.5143606,-86.47253478011407
5936,-0.80841666,-86.57779407939233
5937,-1.5967833,-86.76545142075338
5938,-0.91139,-87.02525930544653
5939,0.0,-87.0081304746709
5940,0.0,-87.23760238169052
5941,0.0,-87.43282520650246
5942,0.0,-87.60048077879765
5943,0.0,-87.66407959042408
5944,0.0,-87.61982798083045
5945,0.2807154,-87.5745881038747
5946,-0.26603964,-87.53275292245962
5947,0.0,-87.35136718182184
5948,0.18290934,-87.21367708472826
5949,-0.17312387,-87.11793255685188
5950,0.0,-87.00385431824543
5951,0.0,-86.94014565525868
5952,1.8678954,-86.73397137103893
5953,-0.77358335,-86.73397137103893
5954,0.19917765,-86.67011791346886
5955,0.12503594,-86.6116816612921
5956,0.68306136,-86.51888151346066
5957,-0.17781667,-86.51888151346066
5958,-0.6666035,-86.51187257627316
5959,-0.4978,-86.51187257627316
5960,0.18368648,-86.5322363187588
5961,-0.42071667,-86.73048558431037
5962,-0.18395983,-87.001963730625
5963,-0.3537,-87.32202419238456
5964,-0.22830044,-87.65901270108589
5965,0.4316687,-87.65755728546355
5966,0.2308833,-87.92381430331443
5967,-0.25851667,-88.18774730626319
5968,0.49673992,-88.20098056278948
5969,-1.4473166,-88.14020334563975
5970,-1.9238136,-88.14375590167765
5971,2.0,-87.83870767436747
5972,-0.65947086,-87.72082610808138
5973,0.104131185,-87.63180549822573
5974,0.09717213,-87.49245816848997
5975,-0.321596,-87.4400072433782
5976,-0.1489441,-87.36185953400854
5977,0.7794943,-87.25234140835528
5978,-0.9331833,-87.25234140835528
5979,0.30057412,-87.15637383989815
5980,-0.6193333,-87.15637383989815
5981,-0.34918332,-87.15637383989815
5982,1.1676754,-87.02974244586949
5983,-0.47494304,-87.02188182350073
5984,0.47120485,-87.03505828611378
5985,-0.58435935,-87.01685462526802
5986,-0.20798333,-87.25118478767399
5987,-0.18991667,-87.58555060259823
5988,-0.186,-87.94201203815464
5989,-0.1606,-88.32447421185498
5990,-0.16491175,-88.65740638606076
5991,0.07071191,-88.8867643886042
5992,0.22414938,-89.02886075906281
5993,0.13392267,-89.09245239578013
5994,-0.5944387,-88.65745257220988
5995,1.1345584,-88.26882569871668
5996,-0.09235574,-88.02809965990309
5997,-1.0503591,-87.94770718000655
5998,0.42647934,-87.82271027944807
5999,-1.16475,-87.82271027944807
6000,-0.85419726,-87.82024768421252
6001,0.8234805,-87.70242778638203
6002,0.7095996,-87.62226222881873
6003,-0.8767167,-87.62226222881873
6004,-0.7704167,-87.62226222881873
6005,0.47753626,-87.55855445990164
6006,0.43571156,-87.48468878546555
6007,-0.8311486,-87.46246861906548
6008,0.17955309,-87.4407860176434
6009,-0.29443333,-87.49514016004105
6010,-0.18628334,-87.68753692002792
6011,-0.1641,-88.01036053390999
6012,-0.16066666,-88.38388001413841
6013,-0.23326667,-88.75726469846268
6014,-0.28146666,-89.08414181561966
6015,-0.18868333,-89.15017064900894
6016,-0.18893333,-89.18029283413489
6017,-0.1632034,-89.18825232384552
6018,0.08919847,-88.91352772114624
6019,-0.098930046,-88.83035134671081
6020,0.106939934,-88.7482223376428
6021,-0.29648298,-88.6160989865457
6022,0.14339043,-88.52971895186056
6023,-0.118728116,-88.46187269834627
6024,0.011655422,-88.40943792981852
6025,-0.4871203,-88.38992950094689
6026,0.5899882,-88.3353411048447
6027,-0.22983342,-88.30627094356169
6028,-0.77096665,-88.30627094356169
6029,-0.19285,-88.30627094356169
6030,-0.5377064,-88.29112852604885
6031,0.23084417,-88.23535260798235
6032,0.56184626,-88.16595607491035
6033,-0.35353333,-88.33797694237728
6034,-0.18895,-88.40761757137079
6035,0.68060917,-88.66860509158869
6036,-0.19083333,-88.8306549811532
6037,-0.1916,-89.13363677503366
6038,-0.17616667,-89.21137509735127
6039,0.023987409,-88.87211431057949
6040,-0.14284688,-88.28866411240597
6041,0.6670111,-87.76496137173672
6042,-0.5430609,-87.65595667304297
6043,-0.2082864,-87.54847395660181
6044,-0.37079835,-87.3971755081584
6045,-0.6892052,-87.25712360681791
6046,0.40387708,-87.13563360513945
6047,-0.34789616,-87.10236852483649
6048,1.932378,-86.92520595209498
6049,0.7868439,-86.82232434915204
6050,0.47805467,-86.74383871124883
6051,-0.5870069,-86.73294191209425
6052,-0.7504906,-86.73152430118353
6053,0.2204617,-86.70457237535447
6054,-0.77503335,-86.70457237535447
6055,0.28973877,-86.60787563347549
6056,-0.4387215,-86.69103835844726
6057,-0.30025,-86.87199031138152
6058,-0.30913332,-87.13032298111648
6059,-0.16293193,-87.44567044400901
6060,-0.20671667,-87.79441632652015
6061,-0.28621668,-88.14846669459075
6062,0.7860835,-88.37717046165199
6063,-0.20226666,-88.54149164581031
6064,-0.43696493,-88.70844239318103
6065,-0.8995285,-88.5568082662794
6066,-1.8202472,-88.50676910900802
6067,0.0,-88.35077019357414
6068,0.0,-88.15383103811473
6069,0.28135884,-88.03668529861898
6070,0.42683244,-87.93836418860883
6071,-0.28516632,-87.89943024837703
6072,-0.61738044,-87.84814939596981
6073,0.32854998,-87.77695598402352
6074,-0.645987,-87.76857338608534
6075,0.68275446,-87.67228643358976
6076,0.75109756,-87.61070992932946
6077,-0.1668719,-87.56632718579203
6078,-0.48005,-87.56632718579203
6079,-0.6995407,-87.52729733423621
6080,-0.55731666,-87.62552837417752
6081,0.2801859,-87.47461218522221
6082,0.4781665,-87.28283449397713
6083,0.1306985,-87.07340971515805
6084,-0.4181904,-87.26358135924966
6085,0.15229294,-87.36586572365195
6086,0.15683845,-87.44089850918681
6087,-0.9844806,-87.58012749390036
6088,-0.53492385,-87.67836276577145
6089,0.92452836,-87.49720890210301
6090,0.3448619,-87.38321733610064
6091,-0.49331504,-87.30969898538024
6092,-0.6994921,-87.14851148561866
6093,-0.57603806,-87.02197088436515
6094,0.0,-86.93846430019767
6095,0.5620657,-86.79663111404807
6096,-0.76273394,-86.76121265949041
6097,0.25465906,-86.65766057879955
6098,0.20625843,-86.6042062020424
6099,0.17727494,-86.50931650162966
6100,0.8347125,-86.40293452651531
6101,-0.47140232,-86.3811813438806
6102,0.8949632,-86.26586507954926
6103,-0.0517874,-86.24843451143533
6104,-1.2336857,-86.28438666225702
6105,-0.28953725,-86.25864228369028
6106,-1.1150498,-86.50568331540853
6107,0.14787081,-86.63625392080576
6108,-1.45154,-86.98000684143335
6109,0.0,-87.19987097145349
6110,0.09175888,-87.1368994316581
6111,-0.08653093,-86.96891566128761
6112,0.0,-86.98295507063449
6113,0.5343763,-86.8088586502272
6114,-0.50701755,-86.60146643449843
6115,0.0,-86.41383961071551
6116,0.19837415,-86.21410171916068
6117,-0.18781544,-86.09570088465989
6118,0.25348732,-85.94990996499837
6119,0.033569105,-85.82900114585937
6120,-0.2409411,-85.7569513120252
6121,1.0513225,-85.59609870096028
6122,0.012175158,-85.49629064877809
6123,0.52977407,-85.40831483383954
6124,0.090834245,-85.31294785668433
6125,0.35868195,-85.27557944734872
6126,-0.34939778,-85.24084330206097
6127,0.99116087,-85.09356622998894
6128,-1.7079083,-85.1602201298374
6129,-0.39131665,-85.33766355966509
6130,-0.2617503,-85.59953665589273
6131,-0.10257998,-85.90638491367281
6132,-0.13366146,-86.24298551534594
6133,-0.40131348,-86.41397613142908
6134,0.038075745,-86.47451010947407
6135,-0.5793046,-86.59028225248039
6136,-0.07866145,-86.59097400018072
6137,-1.6371913,-86.50521380164719
6138,0.0,-85.99212062814331
6139,0.0,-85.57145038702583
6140,0.0,-85.23207456328964
6141,0.0,-85.01738282003498
6142,0.0,-84.92204298534489
6143,1.0197603,-84.73956023612118
6144,0.6886789,-84.61105119147396
6145,0.9035822,-84.46779560008144
6146,0.77919567,-84.31559405186272
6147,0.9490361,-84.23037995108461
6148,0.04809189,-84.1684853144834
6149,0.0030446053,-84.11071799778438
6150,0.0007920265,-84.06698976912594
6151,-0.7238513,-84.06174939162156
6152,0.763268,-83.96828809416911
6153,-0.2804,-84.14914678073546
6154,0.21373007,-84.07008655405662
6155,-0.23535404,-84.29660971499106
6156,0.09362914,-84.55830012298247
6157,0.29227114,-84.69704842603824
6158,-2.0,-84.71826846747717
6159,-1.9344333,-84.93807071297488
6160,-0.52369535,-85.05866594462714
6161,-0.6030833,-85.1454022362741
6162,-0.24449816,-84.80898548512778
6163,-0.13894035,-84.3778691127809
6164,0.6206605,-83.94734747557959
6165,-0.0892822,-83.6341286435636
6166,-1.0300375,-83.61991016510001
6167,0.30854475,-83.54008400383464
6168,-0.45307294,-83.48917749094835
6169,0.38448942,-83.39079418349138
6170,-0.36093402,-83.35887706223002
6171,-0.80181664,-83.35887706223002
6172,-0.75021666,-83.35887706223002
6173,-0.21156667,-83.35887706223002
6174,-0.79625,-83.35887706223002
6175,-0.009356712,-83.24695347192755
6176,0.0888999,-83.2237732833164
6177,-0.08381491,-83.36177257950476
6178,0.0,-83.61840207631758
6179,0.0,-83.93965534622839
6180,0.0,-84.0072889378207
6181,0.0,-84.33701232577732
6182,0.9218131,-84.57672039176396
6183,-0.17323333,-84.7756686409848
6184,-0.19641666,-84.95505357290676
6185,-0.20503333,-85.04637580866984
6186,-0.2682326,-84.77240094299486
6187,1.5281612,-84.59292331094912
6188,-0.032116354,-84.57595504204801
6189,0.87088585,-84.38839414100221
6190,1.0988201,-84.1810710219579
6191,-1.32955,-84.1810710219579
6192,-0.7697833,-84.1810710219579
6193,-0.12783355,-84.14027162025741
6194,1.2244115,-84.0094107104378
6195,0.55291235,-83.92239333073667
6196,0.33078533,-83.85210328678659
6197,-0.19411667,-83.85210328678659
6198,-0.84653336,-83.85210328678659
6199,0.91958386,-83.68187550584844
6200,-1.061537,-83.78463047872356
6201,-0.3088,-83.95364336798957
6202,-0.19111666,-84.2234335703688
6203,-0.062336475,-84.28212137649825
6204,0.31825227,-84.60529722402862
6205,-0.16338333,-84.96977763007453
6206,-0.19373333,-85.04212800542882
6207,-0.3407187,-84.90098204593232
6208,-0.80091494,-84.4139825640159
6209,-0.57625276,-84.1215445635753
6210,-0.4333814,-83.8300349352794
6211,0.0,-83.67936927954725
6212,0.0,-83.5211213616567
6213,0.0,-83.38890162984899
6214,0.0,-83.33908888454607
6215,0.0,-83.2835203869181
6216,-0.3215142,-83.24815372507146
6217,-0.651443,-83.23771427142492
6218,-0.0038497448,-83.18404700550309
6219,-0.6493882,-83.17630040495715
6220,0.5345962,-83.10679831950983
6221,-0.013217956,-83.08103457129619
6222,0.3116821,-83.00900815463683
6223,-0.21892598,-82.95205913147947
6224,-0.70855,-83.05069929770252
6225,-0.25041667,-83.23090909830353
6226,-0.1863,-83.50647478214523
6227,0.13955392,-83.8174795400264
6228,-0.1827,-84.20492287389061
6229,0.18531048,-84.55838765612862
6230,0.06815627,-84.87066211215279
6231,-0.16081667,-84.9397783618333
6232,0.067140274,-85.08676769248268
6233,0.056059778,-85.13297846577188
6234,-0.13101068,-84.83978861234209
6235,-0.28749782,-84.69140322170279
6236,-0.51775223,-84.56133402547857
6237,0.0,-84.45641535929462
6238,0.7268386,-84.35274976900837
6239,-0.68985665,-84.34780369968212
6240,-0.55305165,-84.3335406397382
6241,0.019361198,-84.27802341328061
6242,-0.91816664,-84.27802341328061
6243,1.0989305,-84.1559644331137
6244,0.6574751,-84.06168897346652
6245,1.5361947,-83.94935523615277
6246,-0.76876664,-83.94935523615277
6247,0.68304104,-83.84353365645802
6248,-0.086434186,-83.827877120013
6249,-0.3223107,-83.94317040675378
6250,-0.58365,-84.22617865436769
6251,-0.7061658,-84.39256128006673
6252,-2.0,-84.64099458687997
6253,-0.47811666,-84.7066196360538
6254,0.83074945,-84.58742988937593
6255,-0.4341587,-84.53931206920242
6256,0.7105091,-84.44861745544767
6257,1.1577501,-84.24542362698412
6258,-0.50270367,-84.20218546771503
6259,-0.34219828,-84.03945787333942
6260,-0.3281673,-83.9375086658547
6261,-0.6964667,-83.86190933817124
6262,0.7369263,-83.7254119747231
6263,-0.083207026,-83.66387043603754
6264,0.098983236,-83.60656211235619
6265,0.71000516,-83.5081409484992
6266,0.6082873,-83.41295794853067
6267,-0.44611531,-83.39193361149228
6268,-0.42545,-83.39193361149228
6269,0.6416631,-83.31334668294585
6270,0.21976542,-83.2463718418876
6271,-0.42285,-83.2463718418876
6272,0.5105111,-83.15229435161746
6273,0.25989467,-83.15458106006554
6274,-1.4364965,-83.41019772495201
6275,-0.10465379,-83.44394969697169
6276,0.08664174,-83.64841079468897
6277,-0.37273332,-83.79482578988245
6278,-0.3688544,-83.94814793522528
6279,-0.8959553,-83.91762431095412
6280,0.42739865,-83.92332599581277
6281,0.09763393,-83.82714145899808
6282,0.019027576,-83.6701939356426
6283,-0.28969094,-83.61001635239518
6284,-0.2151437,-83.58513827518618
6285,-0.71363944,-83.527209586362
6286,0.41139996,-83.45150842414296
6287,-0.24213019,-83.41439430312312
6288,-0.06083163,-83.35986894265807
6289,-0.76335,-83.35986894265807
6290,1.3144567,-83.26161450789368
6291,-0.27101076,-83.22894837603963
6292,-0.16588333,-83.22894837603963
6293,-0.7484667,-83.22894837603963
6294,-0.19645,-83.22894837603963
6295,1.0654174,-83.08222997830308
6296,-0.25320417,-83.05171479740238
6297,-0.016003152,-82.90458637931442
6298,-0.15321606,-83.1225197211752
6299,-0.23766667,-83.31647061266995
6300,0.37538052,-83.3759405285964
6301,-0.76065433,-83.4830834762106
6302,-0.35346514,-83.416982416893
6303,-0.7956647,-83.4183538362995
6304,-0.7800248,-83.41895997979736
6305,0.0,-83.37800810941553
6306,0.098930955,-83.0574558199296
6307,1.4621066,-82.62050048717356
6308,-1.4817057,-82.40967443295813
6309,1.6155461,-82.19735327073431
6310,0.7143739,-82.13148072072363
6311,0.38405585,-82.09211200558639
6312,-0.20703334,-82.09211200558639
6313,0.08672905,-82.07512453467643
6314,-0.09841102,-82.06945941819868
6315,0.43014905,-82.02784648015222
6316,-0.20678334,-82.02784648015222
6317,-0.16808504,-82.02746417470917
6318,-0.18668333,-82.02746417470917
6319,-0.55793333,-82.02746417470917
6320,-0.5611,-82.04085082378879
6321,-0.26791245,-82.063334221064
6322,-0.31176665,-82.10439522755041
6323,-0.31203333,-82.17161736827984
6324,0.7621477,-82.17901292959868
6325,0.13756673,-82.22175144548237
6326,-0.29651666,-82.26371037359058
6327,0.55056405,-82.23960378165066
6328,-0.08372845,-82.29276591683447
6329,-0.028672418,-82.377101668666
6330,-0.62432724,-82.11824233228981
6331,-0.37799165,-81.889776551674
6332,-0.01080212,-81.55709802503407
6333,0.23852672,-81.46474103773653
6334,0.3817418,-81.42694407100498
6335,-0.04022862,-81.41549834846228
6336,-0.21115,-81.41549834846228
6337,-0.022831053,-81.40503428368538
6338,0.63315916,-81.35240102423995
6339,0.79062295,-81.28721645339101
6340,-0.21151666,-81.28721645339101
6341,-0.17895,-81.28721645339101
6342,-0.029498726,-81.27751403725415
6343,-0.5392333,-81.27751403725415
6344,-0.4211,-81.29180837287277
6345,-0.3658,-81.31599402106076
6346,-0.1864,-81.35075894794136
6347,-0.17971666,-81.42395841381222
6348,-0.16043334,-81.5293867742148
6349,-0.1804,-81.61402012458711
6350,-0.19251667,-81.76701356521517
6351,-0.18643333,-81.85755430957943
6352,-0.1609,-82.04824002883106
6353,-0.091767326,-82.14643222889572
6354,0.0015834719,-82.06199427745014
6355,-0.8397343,-82.02482192641764
6356,-0.1640546,-81.89927798933059
6357,0.0,-81.83952349102765
6358,0.0,-81.82676615803211
6359,0.25172314,-81.79809965430468
6360,0.5103959,-81.71574926613539
6361,1.749626,-81.5916679972288
6362,1.0542588,-81.51095801084011
6363,-0.20376667,-81.51095801084011
6364,0.1741818,-81.48662644489377
6365,0.10365152,-81.46884343079
6366,0.0058226585,-81.45677904183685
6367,-0.52968335,-81.45677904183685
6368,0.1012364,-81.37794132674753
6369,0.46359777,-81.4812850892049
6370,0.023819923,-81.74561687702953
6371,-0.16246666,-82.0447656452161
6372,0.027566493,-82.4194722413522
6373,-0.19718333,-82.50314854974567
6374,0.35614157,-82.5922739222151
6375,0.018446922,-82.64863164121925
6376,-0.17666666,-82.81020238394558
6377,-0.21298334,-82.88175664241135
6378,-1.4858718,-82.63074857885658
6379,-1.6209629,-82.47676008338749
6380,-0.18500312,-82.16377445454418
6381,-0.16980295,-82.14781931373
6382,-0.18756667,-82.14781931373
6383,-0.18065,-82.14781931373
6384,-0.21258333,-82.14781931373
6385,-0.19441155,-82.14697831419471
6386,-0.1468559,-82.14518361461523
6387,-0.18818334,-82.14518361461523
6388,-0.21148333,-82.14518361461523
6389,-0.20216666,-82.14518361461523
6390,0.6518647,-82.09155224559072
6391,-0.53356665,-82.09155224559072
6392,0.025500476,-82.08504568848002
6393,0.5683634,-82.07924673023808
6394,-0.23175,-82.36740201774228
6395,-0.2094,-82.72694093051541
6396,-0.040810075,-83.1118499046861
6397,-0.20591667,-83.50597229662526
6398,-0.19126667,-83.80671507182706
6399,1.3712095,-83.57162143352616
6400,-1.8403016,-83.6968276953994
6401,-0.012962982,-83.66728993381548
6402,0.40586576,-83.58878761406231
6403,-0.65821314,-83.48368563379336
6404,-0.22826603,-83.42989808942366
6405,-0.47071096,-83.41388063567865
6406,0.0,-83.39911263591785
6407,0.0,-83.38678213550884
6408,1.160208,-83.29753011807043
6409,-0.21983333,-83.29753011807043
6410,2.0,-83.15551053329546
6411,0.43112564,-83.10653787075717
6412,0.022196293,-83.08828069611627
6413,0.0017495155,-83.07666847824294
6414,-0.19041666,-83.07666847824294
6415,-0.5516,-83.07666847824294
6416,-0.48613226,-83.13842002271849
6417,-0.018012919,-83.3058299493714
6418,-0.57175,-83.44351380287844
6419,-0.5759257,-83.7766461592837
6420,0.30614945,-84.01500361382205
6421,0.14370565,-84.24873121797282
6422,-0.93161666,-84.63667242943484
6423,0.19170216,-84.88827537714678
6424,-0.57816666,-85.06973818659026
6425,-0.38226482,-85.04150925732392
6426,-0.7130946,-85.01564909859735
6427,-0.5241624,-84.95460840656597
6428,-0.6468,-84.95460840656597
6429,-0.50447667,-84.87033439024526
6430,0.0,-84.8497727249487
6431,0.5459776,-84.80460784926254
6432,0.045970276,-84.7522739504202
6433,0.3260206,-84.719032697074
6434,0.020422436,-84.7065588223486
6435,0.16649452,-84.68591734643269
6436,-0.17781667,-84.68591734643269
6437,-0.18608333,-84.68591734643269
6438,0.18349683,-84.66290321822453
6439,-0.033354253,-84.63130374501634
6440,1.1172059,-84.49740569542337
6441,-1.3745167,-84.53214383001614
6442,-0.45505017,-84.57098000745464
6443,-0.24571666,-84.68263629327703
6444,-0.23365,-84.77623947958637
6445,-0.21438159,-84.89349377404142
6446,0.13189709,-85.03325943897653
6447,-0.18233334,-85.20286475370813
6448,-0.18718334,-85.27004934351135
6449,-0.20101666,-85.29881538327027
6450,-0.29708335,-85.29881538327027
6451,-0.3877,-85.29881538327027
6452,0.9787054,-85.21181578065443
6453,-0.3516,-85.21181578065443
6454,-0.10962331,-85.20099479581404
6455,-0.15591666,-85.20099479581404
6456,0.018039914,-85.18974395252008
6457,-0.18316667,-85.18974395252008
6458,-0.18313333,-85.18974395252008
6459,0.15155728,-85.16870406425733
6460,-0.15551667,-85.16870406425733
6461,0.31628498,-85.13746062635619
6462,-0.1817,-85.13746062635619
6463,0.15085381,-85.10615670277912
6464,-0.1597,-85.20067417218524
6465,-0.15176667,-85.37755055322486
6466,-0.17618333,-85.66766334667045
6467,-0.18086667,-86.02446670427162
6468,-0.099116735,-86.41545088186103
6469,-0.15283333,-86.84521625532943
6470,-0.15715,-87.22862930192787
6471,0.08568131,-87.52699736847717
6472,0.26548362,-87.52636875973258
6473,-0.028042069,-87.52220212078828
6474,0.16575056,-87.47981590188283
6475,0.09338062,-87.44798882833857
6476,0.46637952,-87.39326666451234
6477,0.11745784,-87.36240198991436
6478,-0.2515,-87.36240198991436
6479,0.049510263,-87.34922690752137
6480,0.40350547,-87.31304213839758
6481,0.63852453,-87.26158112722624
6482,-0.03866923,-87.25413771129388
6483,1.2999383,-87.1596848086192
6484,0.52343166,-87.11570483601827
6485,0.058110632,-87.10007273002702
6486,0.3623862,-87.06469738080341
6487,-0.055565115,-87.05476300294686
6488,-0.15195,-87.14713851238776
6489,0.3432989,-87.27152758713055
6490,0.017804623,-87.54591280098248
6491,0.0015301704,-87.8890414225607
6492,0.0007162094,-88.26533585663128
6493,0.00067567825,-88.63548958177853
6494,0.0006737709,-88.95771887774754
6495,-0.18223333,-89.2154807436018
6496,-0.17186667,-89.38857620830822
6497,-0.16826667,-89.45902946467686
6498,-0.29535,-89.46014692964673
6499,-0.19687416,-89.44638041644066
6500,-0.37371665,-89.44638041644066
6501,-0.33333334,-89.44638041644066
6502,-0.24938333,-89.44638041644066
6503,0.19925433,-89.42168122022122
6504,-0.18698333,-89.42168122022122
6505,-0.10168705,-89.416905045553
6506,-0.15596667,-89.416905045553
6507,-0.16571666,-89.416905045553
6508,-0.18668333,-89.416905045553
6509,-0.1848,-89.416905045553
6510,0.4837958,-89.37515690182045
6511,0.73337054,-89.29174250368669
6512,0.6597183,-89.29722152049362
6513,-0.18536666,-89.4709290056926
6514,-0.17438333,-89.54753711963713
6515,-0.15495,-89.78791275764524
6516,0.078599,-90.18212890769064
6517,0.6647572,-90.19780521425128
6518,-0.18458334,-90.26230274471163
6519,0.2642608,-90.34785468461632
6520,0.1464357,-90.52759295287251
6521,-0.19433333,-90.59269353332638
6522,-0.1651803,-90.578568180601
6523,-0.39766666,-90.578568180601
6524,0.43276846,-90.52803490082442
6525,-0.28083405,-90.52402986450761
6526,0.26372156,-90.48858288167685
6527,-0.18531667,-90.48858288167685
6528,-0.15926667,-90.48858288167685
6529,0.62355196,-90.42813058807224
6530,-0.20870534,-90.42671610174875
6531,0.8531295,-90.36086268482904
6532,0.825956,-90.29630537836056
6533,0.4827674,-90.25287016613584
6534,0.80937517,-90.18820761276584
6535,0.17677689,-90.15649731962185
6536,-0.1548,-90.24543295560579
6537,-0.1798,-90.43214186785917
6538,-0.18726666,-90.72400268672209
6539,-0.17395,-90.8690626448224
6540,-0.15626666,-91.27718241272669
6541,-0.14315979,-91.69071061669092
6542,-0.18958333,-91.72726685686212
6543,-1.4178662,-91.75183989798825
6544,-2.0,-91.74173174092721
6545,-0.9285187,-91.60503246674489
6546,-0.56179434,-91.39280343840073
6547,0.0,-91.19682628700684
6548,0.0,-91.04288137743424
6549,0.0,-90.92806105354975
6550,0.39778578,-90.84998290280055
6551,-0.0025865212,-90.79533653000544
6552,-0.18822056,-90.75163620004605
6553,0.7232723,-90.65541200379084
6554,1.5594375,-90.50293365160178
6555,0.6502028,-90.4099238965864
6556,0.61441994,-90.3205605972762
6557,-0.7495,-90.3205605972762
6558,0.8209481,-90.25437013844203
6559,0.04168749,-89.93578966001223
6560,-0.019711642,-89.72107283810328
6561,0.024113178,-89.85886505285453
6562,-0.12208706,-90.12326687613677
6563,0.13099813,-90.46762597600173
6564,0.0071897507,-90.84416005054663
6565,-0.18195,-91.24859541693877
6566,-0.15628333,-91.37483660916041
6567,-0.16178334,-91.65584848860453
6568,-0.18776667,-91.85840839186858
6569,-1.0199411,-91.53628706971358
6570,-2.0,-91.18436673322867
6571,-2.0,-90.98157216647814
6572,0.3116054,-90.6847699139471
6573,-0.6817753,-90.63846230918716
6574,0.027044125,-90.62356035730045
6575,-0.018339558,-90.61351392829965
6576,0.38174477,-90.57711102107714
6577,-0.02730301,-90.56582613421779
6578,-0.19995,-90.56582613421779
6579,0.30572325,-90.53449678925972
6580,-0.169,-90.53449678925972
6581,-0.19736667,-90.53449678925972
6582,-0.19736667,-90.53449678925972
6583,-0.5356,-90.53449678925972
6584,-1.3715833,-90.60711006580095
6585,-1.0071566,-90.77115827558737
6586,0.0,-90.81161417199473
6587,0.028540656,-91.01568485928874
6588,0.4269688,-91.33488498760562
6589,-0.43145397,-91.59104241563182
6590,0.0,-91.68145173175435
6591,0.9879896,-91.57811007781129
6592,0.5179298,-91.52872410549026
6593,-1.4293433,-91.51778197700332
6594,0.0,-91.49002589324664
6595,0.40440905,-91.43542747238826
6596,0.7382682,-91.25426805058669
6597,-0.009157583,-91.18442063072871
6598,0.24988857,-91.12517712677072
6599,-0.82735,-91.12517712677072
6600,-0.6073544,-91.11190658195119
6601,1.8616959,-90.97922559959989
6602,-0.18123333,-90.97922559959989
6603,-0.20978333,-90.97922559959989
6604,0.37176475,-90.9413870623539
6605,-0.082357,-90.93435560019861
6606,-0.17666666,-90.93435560019861
6607,-0.43591666,-90.93435560019861
6608,-0.6300833,-91.02209218444477
6609,-0.41345328,-91.18798143269669
6610,-0.5801871,-91.48941824438225
6611,-0.44248334,-91.60573958458554
6612,-0.024551868,-91.65105965586554
6613,-0.6123717,-92.07452872248541
6614,-0.33425,-92.42179524751555
6615,-0.3325127,-92.67554601879965
6616,0.0,-92.61774294676434
6617,0.47494847,-92.45667565467011
6618,-0.45056105,-92.43360029014002
6619,0.27661026,-92.27617396267306
6620,0.10595519,-92.24338437469851
6621,-0.36215717,-92.20502400996338
6622,0.0,-92.19152675980877
6623,0.0,-92.17787567658524
6624,-0.19209985,-92.17743366719515
6625,-0.17323333,-92.17743366719515
6626,0.40874827,-92.13819761337072
6627,1.1169108,-92.05205999822647
6628,-0.19925,-92.05205999822647
6629,1.1879236,-91.96358805657655
6630,0.32355377,-91.93019731478125
6631,-0.39324033,-91.90627654218406
6632,0.0021382752,-91.94160258346528
6633,0.2662908,-92.05196945690841
6634,0.9030115,-92.19883437776298
6635,-1.3347167,-92.58696966194839
6636,-0.4952,-93.0105307581398
6637,1.1673746,-93.2735417070362
6638,-0.0732638,-93.61866881274909
6639,-0.18838333,-93.89497112059325
6640,-0.16465,-94.06565931760997
6641,-0.13029572,-94.12672425383062
6642,0.42627034,-93.76816562884778
6643,-1.0181284,-93.56372080319852
6644,-0.77310485,-93.39097712510556
6645,-0.49703488,-93.38894814364903
6646,-0.23891667,-93.38894814364903
6647,-0.18833333,-93.38894814364903
6648,-0.17483333,-93.38894814364903
6649,-0.19778334,-93.38894814364903
6650,-0.20581667,-93.38894814364903
6651,-0.1995,-93.38894814364903
6652,-0.1775,-93.38894814364903
6653,-0.1843,-93.38894814364903
6654,-0.20391667,-93.38894814364903
6655,-0.48611668,-93.38894814364903
6656,-0.31255,-93.47968527041667
6657,-0.37016666,-93.6530593123316
6658,-0.23201667,-93.966854282844
6659,-0.11820947,-94.34729150794738
6660,0.4005611,-94.7107787217974
6661,-0.1897,-95.12543336414092
6662,0.526905,-95.40882460139983
6663,-0.16901666,-95.67805794738524
6664,-0.15905,-95.84347877763503
6665,-0.25865,-95.90772724263661
6666,-0.23891422,-95.66040206067555
6667,0.0,-95.45616772882931
6668,0.0,-95.37140231691592
6669,0.0,-95.34965765029483
6670,0.0,-95.3349351502984
6671,0.44775832,-95.29229027703695
6672,-0.20545,-95.29229027703695
6673,-0.18266666,-95.29229027703695
6674,-0.17413333,-95.29229027703695
6675,-0.20473333,-95.29229027703695
6676,-0.2032792,-95.29196934150241
6677,0.5292377,-95.24504122631333
6678,-0.17331667,-95.24504122631333
6679,-0.04457752,-95.20274694757245
6680,0.6906478,-95.1700501714804
6681,-0.2313,-95.32681822525046
6682,-0.18365592,-95.59035128103278
6683,0.1639174,-95.9363809798815
6684,-0.13720663,-96.1572259937384
6685,0.7632017,-96.48613595710776
6686,-0.17936666,-96.52985609443567
6687,-0.18961667,-96.85499177248857
6688,-0.18698333,-96.87482188762806
6689,-0.17525,-96.94578636558435
6690,-0.25109726,-96.87393877776049
6691,-0.10644278,-96.7816773069062
6692,0.15631798,-96.64098365725658
6693,-0.65764624,-96.61871332982264
6694,-0.118067205,-96.57155694747053
6695,-0.1854949,-96.57130311582296
6696,-0.18505904,-96.53145328689425
6697,0.063976794,-96.47564254481404
6698,-0.5664128,-96.46080712661205
6699,-0.35025728,-96.43192160002945
6700,0.18267079,-96.3683957519388
6701,-0.031616703,-96.31879858546017
6702,-0.13407488,-96.27586120240449
6703,0.22431189,-96.18007878832577
6704,0.27096894,-96.07991060487984
6705,0.29355854,-95.97761900596379
6706,-0.79465,-95.97761900596379
6707,-0.725916,-95.96854611918388
6708,-0.5582241,-95.93733789645194
6709,-0.65306634,-95.91864885076939
6710,0.0,-95.81375504717289
6711,0.0,-95.7088612435764
6712,0.0,-95.6039674399799
6713,0.0,-95.52927034035383
6714,0.0,-95.45457324072777
6715,0.0,-95.40292099177896
6716,0.0,-95.35126874283014
6717,0.0,-95.29961649388133
6718,0.77059036,-95.197875872851
6719,0.68300307,-95.1018284267193
6720,2.0,-94.92017617881356
6721,-0.29866,-94.88793683111726
6722,-0.09738843,-94.84261483013688
6723,-0.2815318,-94.80926214963256
6724,0.39892456,-94.73167980521976
6725,-0.79465,-94.73167980521976
6726,0.07720432,-94.67500927731453
6727,0.24752556,-94.57704478189407
6728,-0.79465,-94.57704478189407
6729,-0.79465,-94.57704478189407
6730,0.28327993,-94.82011557802616
6731,-0.19198333,-95.20246441349445
6732,-0.16628334,-95.62404645666538
6733,1.5903352,-95.87573863253056
6734,-0.19083333,-96.29564974889217
6735,-0.19268334,-96.66646523460804
6736,-0.02644213,-96.83457056865154
6737,-0.19333333,-96.84614832107036
6738,0.2979614,-96.62528328005283
6739,0.5854835,-96.40574360791652
6740,-1.5541,-96.40574360791652
6741,-0.9366336,-96.3539927915117
6742,-0.9535667,-96.3539927915117
6743,-0.3278,-96.3539927915117
6744,-0.4993735,-96.34377848509757
6745,-0.064163156,-96.30052400905697
6746,1.0397589,-96.22154517997114
6747,0.22690834,-96.15590113926737
6748,-0.21173333,-96.15590113926737
6749,0.32209367,-96.12235830131976
6750,-0.002766576,-96.11112087931542
6751,-0.77750677,-96.09936281912087
6752,0.48498556,-96.08550247982203
6753,-0.1128131,-96.17900889799057
6754,-0.897709,-96.10381607398449
6755,-0.9032174,-96.26018085762917
6756,-0.87981004,-96.60259937927185
6757,-0.33505806,-96.83456074878632
6758,-0.23041469,-96.77162570938526
6759,0.37090075,-96.62081429049431
6760,-0.32725084,-96.74939755782543
6761,0.5966788,-96.6818373917049
6762,0.3151519,-96.57290918812214
6763,-0.57135606,-96.54952258117555
6764,0.9275065,-96.37206782646535
6765,-0.12417905,-96.24218455202936
6766,0.13837415,-96.17430348195194
6767,-0.20225586,-96.09632661439537
6768,-0.73590153,-96.0920356313145
6769,-0.7462795,-96.08107963264047
6770,0.08411707,-96.02226760670601
6771,0.21519022,-95.99224690966366
6772,-0.80583334,-95.99224690966366
6773,-0.18408333,-95.99224690966366
6774,1.650263,-95.83641074471234
6775,1.518918,-95.71277091525553
6776,-0.64061666,-95.79062574230193
6777,0.26090395,-95.81136215165316
6778,0.30188373,-95.89353907540499
6779,-0.6110167,-96.26433963015734
6780,-0.846298,-96.59377065733133
6781,-0.11174958,-96.91006094649492
6782,-1.4095105,-96.82102159097849
6783,0.037759915,-96.96390203073679
6784,-0.06932511,-96.81872335508524
6785,0.03392642,-96.71942120477615
6786,-0.29204157,-96.6077723173803
6787,0.5342658,-96.42869737431465
6788,0.33685005,-96.31426378771721
6789,-0.99810135,-96.27024587675987
6790,0.12215315,-96.14950600698648
6791,-0.18379769,-96.10107977747975
6792,0.43125907,-96.02014768928348
6793,0.242515,-95.93661413401423
6794,-0.41638163,-95.92892777327506
6795,-0.7575833,-95.92892777327506
6796,0.17718643,-95.89486757446139
6797,-0.72,-95.89486757446139
6798,-0.14537051,-95.89140657441749
6799,0.16917431,-95.82734643029107
6800,0.6686482,-95.76464417683019
6801,0.27466562,-95.8006122905208
6802,-0.7767152,-96.03405499937071
6803,-0.09981272,-96.36593077065481
6804,-0.48273355,-96.7616323876573
6805,0.7388471,-97.07101265074743
6806,-0.38812765,-97.3630258190824
6807,-0.19011013,-97.45513939591183
6808,-0.39396203,-97.54912992300524
6809,-0.029733224,-97.38663839282526
6810,-0.4444691,-97.18841456355585
6811,0.34833285,-97.07494193049206
6812,0.2091421,-96.87865110965504
6813,0.25111312,-96.72559475632443
6814,0.06954636,-96.66244316579832
6815,-0.6879238,-96.65244012897892
6816,0.9889186,-96.5320990068285
6817,1.5632591,-96.41113883828802
6818,-0.060579427,-96.33035008436127
6819,0.8411188,-96.26248452639265
6820,-0.8910667,-96.26248452639265
6821,0.7286916,-96.2031682414381
6822,0.28968382,-96.13165738260432
6823,-0.14393148,-96.09505987739249
6824,-1.1939833,-96.16953917419596
6825,-0.3060661,-96.31815428113623
6826,-0.23086248,-96.61136597966834
6827,0.6095376,-96.64663902869506
6828,0.95833135,-96.93570811500831
6829,-0.19031666,-97.33824209323211
6830,0.1187454,-97.681230912116
6831,0.5918131,-97.85831605842395
6832,0.030230522,-97.98345504155441
6833,-1.6983085,-97.95952613478585
6834,-0.064876154,-97.40947820073052
6835,-1.5785686,-97.19814489608689
6836,0.8853333,-96.98896081572457
6837,-1.672366,-96.97673644045426
6838,-0.1861,-96.97673644045426
6839,-0.21432091,-96.94311546826793
6840,-0.8627833,-96.94311546826793
6841,0.2828181,-96.8653569623275
6842,-0.32848018,-96.8426587573631
6843,-0.5707748,-96.83271320363565
6844,1.0052348,-96.70993569692655
6845,0.14094616,-96.68731269626005
6846,0.14559284,-96.66604407889827
6847,-1.0010005,-96.65989339690714
6848,0.9913868,-96.51813707094698
6849,-0.395418,-96.64258961718588
6850,-0.18421666,-96.69402081485896
6851,-0.1626,-96.82191532071738
6852,-0.17785,-97.24912955578475
6853,-0.40028334,-97.58699422296195
6854,-0.19703333,-97.64261594381242
6855,-0.18418333,-97.93682196702866
6856,-0.16278334,-97.95340221714287
6857,0.23883636,-97.91889970343618
6858,1.6005795,-97.53183625977545
6859,-0.12019768,-97.3814044479659
6860,0.18415515,-96.95482214134245
6861,-1.9592686,-96.88079159300833
6862,-0.07505153,-96.82908419858722
6863,-0.28581646,-96.79554310407548
6864,-0.41457033,-96.77378567647247
6865,-0.67878693,-96.76737799601688
6866,0.047040652,-96.75142435276939
6867,0.10979822,-96.69654713863565
6868,0.69738966,-96.64040189528896
6869,-0.005698487,-96.59573705041839
6870,-0.1138231,-96.59022438585816
6871,-1.0239667,-96.59022438585816
6872,-0.95805,-96.62674517616688
6873,-0.28795,-96.78457252368389
6874,-0.08647348,-97.02128500923573
6875,-0.18675,-97.40374593123852
6876,-0.05008096,-97.48199176475464
6877,0.09496498,-97.87068712398468
6878,1.0288893,-98.16922750756203
6879,-0.16626666,-98.24414362445532
6880,0.6887485,-98.37210092380701
6881,-0.21461667,-98.37696037594287
6882,-1.1759511,-98.11537573639362
6883,-0.07935945,-97.79709086719959
6884,0.0,-97.74975570071547
6885,0.10009423,-97.65537824261992
6886,-0.09444952,-97.64680254519044
6887,0.34922168,-97.61170330330788
6888,-0.26815,-97.61170330330788
6889,-0.28563333,-97.61170330330788
6890,-0.16886666,-97.61170330330788
6891,0.5151806,-97.56544081553875
6892,-0.19835,-97.56544081553875
6893,0.2106354,-97.54018926680146
6894,-0.1623,-97.54018926680146
6895,-0.45026556,-97.53461183061881
6896,-0.33998334,-97.58735802596493
6897,-0.26608333,-97.6478370224504
6898,-0.19341667,-97.85934706976695
6899,-0.16931666,-98.25809710672183
6900,0.067420185,-98.66910331895633
6901,0.38090262,-99.0403811280994
6902,0.61367863,-99.34509649327083
6903,-0.17648333,-99.63756086876674
6904,-0.16183333,-99.81178931346221
6905,-0.25713333,-99.8670362142293
6906,0.004987769,-99.82044939523621
6907,0.3415861,-99.7414980513422
6908,-0.46543333,-99.7414980513422
6909,-0.26391494,-99.73929118890374
6910,0.24600753,-99.71000820178597
6911,-0.19538334,-99.71000820178597
6912,-0.19843334,-99.71000820178597
6913,-0.1826,-99.71000820178597
6914,-0.16453333,-99.71000820178597
6915,-0.18696667,-99.71000820178597
6916,-0.1981,-99.71000820178597
6917,1.555887,-99.59653530050127
6918,0.3436206,-99.56353888068406
6919,-0.42915,-99.56353888068406
6920,-0.5656833,-99.63528604958265
6921,-1.0352309,-99.81058499369828
6922,0.13130021,-99.75076380524843
6923,-0.20770362,-99.80536731112807
6924,-1.3135,-100.25616734255163
6925,-0.042539597,-100.64191808331816
6926,-0.23215206,-100.93478696573584
6927,-0.11272814,-101.08571465838759
6928,0.26537675,-101.08423968068382
6929,0.6064146,-101.03838760814688
6930,-0.40803334,-101.03838760814688
6931,-0.39677298,-101.01392635180673
6932,0.44866392,-100.95638203471026
6933,0.089181,-100.92571410386881
6934,-0.44889647,-100.87403020857892
6935,-0.036510084,-100.83810103534779
6936,-0.1638,-100.83810103534779
6937,-0.1831,-100.83810103534779
6938,-0.18503334,-100.83810103534779
6939,0.4921483,-100.79427273049077
6940,0.5916626,-100.74519583060464
6941,-0.16035,-100.74519583060464
6942,0.07671523,-100.72819734214863
6943,-0.18568334,-100.72819734214863
6944,-0.6613873,-100.78153135850152
6945,-1.0143,-100.94572622551641
6946,-0.44454512,-100.96881884186587
6947,-0.55935836,-101.10537443905196
6948,-0.27051666,-101.23572179525218
6949,-0.26462886,-101.33330290614686
6950,0.0,-101.3817452214571
6951,0.0,-101.46730602010211
6952,0.0,-101.4694623969408
6953,0.0,-101.4038596846076
6954,0.29492664,-101.25191287173948
6955,-0.2795403,-101.09858916177473
6956,0.79313505,-101.0007575549098
6957,0.08656381,-100.92272741570196
6958,-0.834434,-100.91527953920013
6959,0.0,-100.89936753911024
6960,0.017654072,-100.88655794122315
6961,-0.19978334,-100.88655794122315
6962,-0.20963334,-100.88655794122315
6963,-0.18161666,-100.88655794122315
6964,1.6512398,-100.76793469199038
6965,-0.20101666,-100.76793469199038
6966,0.86251587,-100.69876283117628
6967,0.298674,-100.62568811037636
6968,-0.65061665,-100.64479687706626
6969,-0.5179667,-100.81544902817404
6970,-0.19161667,-101.08757486836112
6971,-0.41531667,-101.21758521989977
6972,-0.55231184,-101.64757762746012
6973,-0.6467,-102.06857101515925
6974,0.83412206,-102.35152126745379
6975,0.3049464,-102.35607014493144
6976,-0.3140741,-102.50441303745902
6977,-0.36045516,-102.4432702575723
6978,-1.5443623,-102.2643048082391
6979,-0.21241464,-101.98691176519787
6980,-0.43380597,-101.89517765388882
6981,0.28225178,-101.68576811895764
6982,1.25137,-101.56456891343987
6983,0.22716728,-101.53737070680654
6984,0.005154431,-101.46970976413286
6985,-0.2843,-101.46970976413286
6986,0.45399255,-101.42015858263767
6987,-0.19035,-101.42015858263767
6988,-0.20488334,-101.42015858263767
6989,-0.2082,-101.42015858263767
6990,0.17607123,-101.3954680365423
6991,-0.57948333,-101.3954680365423
6992,-0.5850192,-101.38301953104383
6993,1.0871106,-101.39132238076127
6994,-0.21491666,-101.68469623372948
6995,-0.28638333,-102.02728781745827
6996,-0.1157718,-102.10336613551772
6997,-0.287,-102.53369209067023
6998,0.022756249,-102.59362031788623
6999,-0.20081666,-102.70081263304746
7000,-0.09341663,-102.87220295787847
7001,-0.42243642,-102.85163219169772
7002,0.360091,-102.35162354902423
7003,-0.42211556,-102.1160612990061
7004,-0.025619656,-102.07871682838595
7005,-0.8488859,-102.02333699435985
7006,0.0,-102.00791249507165
7007,0.0,-101.9962005791167
7008,-0.19081667,-101.9962005791167
7009,-0.20115,-101.9962005791167
7010,-0.2003,-101.9962005791167
7011,-0.17538333,-101.9962005791167
7012,-0.16915292,-101.99590176875063
7013,-0.19008334,-101.99590176875063
7014,0.8504215,-101.92784862751432
7015,-0.26943168,-101.90087673785456
7016,-0.40946665,-101.94185758726962
7017,-0.033307076,-102.06805757778056
7018,0.51247716,-102.26137026744254
7019,-0.1913,-102.46123402910598
7020,-0.17148334,-102.52003643634089
7021,0.39325985,-102.90389848472842
7022,-0.1888,-102.99824281754263
7023,0.5335038,-102.94310185658105
7024,-0.17598334,-102.963766528017
7025,-0.18215,-103.00738977426954
7026,-0.46788332,-103.00738977426954
7027,-0.78609157,-102.97611339548894
7028,0.5976582,-102.79639546731778
7029,-0.30378333,-102.79639546731778
7030,-0.19521667,-102.79639546731778
7031,-0.19095,-102.79639546731778
7032,0.5639335,-102.74717746088572
7033,0.47409543,-102.70382817620703
7034,-0.18083334,-102.70382817620703
7035,0.28241736,-102.67426613131829
7036,1.1342858,-102.58921238938638
7037,1.0615549,-102.50769774029322
7038,0.053717613,-102.49169467920728
7039,0.0033259392,-102.4614618417836
7040,-0.38655,-102.49295136304863
7041,0.40834093,-102.57325313957699
7042,-0.22188333,-102.87909431727894
7043,0.25525856,-103.2162678984023
7044,0.013402939,-103.63812430175312
7045,0.0013098717,-104.05143193872937
7046,0.00070524216,-104.38836978348263
7047,0.0006752014,-104.64736430319317
7048,-0.19088334,-104.8084389713622
7049,-0.18768333,-104.85340137379535
7050,0.4004445,-104.43571136491664
7051,-1.7593216,-104.28354128795036
7052,-0.45260733,-103.96838712292083
7053,-0.3841056,-103.92477140547999
7054,-0.03451292,-103.86639574887522
7055,-0.17658333,-103.86639574887522
7056,-0.17336667,-103.86639574887522
7057,-0.018720664,-103.85508167622902
7058,0.26351568,-103.82534207469143
7059,-0.19441667,-103.82534207469143
7060,-0.07460036,-103.81785626542114
7061,-0.17418334,-103.81785626542114
7062,-0.17225,-103.81785626542114
7063,-0.15435705,-103.78453862499737
7064,-0.36843333,-103.79990393035405
7065,-0.28198335,-103.94931045286648
7066,0.08572554,-104.09369680397504
7067,-0.18835,-104.40106013529294
7068,-0.17235,-104.82189577929967
7069,-0.16893333,-104.92279714457982
7070,0.08082153,-105.00075730048411
7071,-0.13475943,-105.28539150320285
7072,-0.19336666,-105.45030281804793
7073,-0.39628333,-105.49323197193735
7074,0.4097103,-105.30280110724561
7075,-0.92001665,-105.30280110724561
7076,0.83317274,-105.10642380006902
7077,-0.09546054,-104.9657558400213
7078,-0.45125,-104.9657558400213
7079,-0.21410936,-104.89364544786804
7080,-0.14985724,-104.8614470858156
7081,1.4144665,-104.758048345524
7082,-0.09830799,-104.75211544866033
7083,0.36428162,-104.71606656322547
7084,1.3708932,-104.61450558314391
7085,-0.182,-104.61450558314391
7086,0.12497124,-104.59522736976214
7087,-0.42066666,-104.59522736976214
7088,0.8045656,-104.51741690347262
7089,-0.7911,-104.66339249322482
7090,-0.321806,-104.55983598688908
7091,0.8884603,-104.38695670822926
7092,-1.1597854,-104.36528440723487
7093,0.48537466,-104.70668464312621
7094,-0.7088688,-104.61027509132691
7095,0.18998794,-104.71853548446961
7096,1.322278,-104.49030019501515
7097,0.067838214,-104.44236093173095
7098,-0.8231884,-104.40212192917534
7099,0.21287002,-104.27166020656296
7100,-1.2566113,-104.22406144971319
7101,-0.3197041,-104.18991179550358
7102,-0.20126666,-104.18991179550358
7103,-0.7036667,-104.18991179550358
7104,-0.23716667,-104.18991179550358
7105,0.663592,-104.13500898862549
7106,-0.1691,-104.13500898862549
7107,-0.16935,-104.13500898862549
7108,-0.19188334,-104.13500898862549
7109,-0.1902,-104.13500898862549
7110,-0.19045,-104.13500898862549
7111,-0.08521364,-104.11808279129036
7112,-0.44235614,-104.1071469408489
7113,-0.32894123,-104.22977522732981
7114,-0.56331664,-104.53596246959933
7115,-0.5993738,-104.84254047991999
7116,-0.40453333,-105.23541838648089
7117,0.69896036,-105.21691393824585
7118,-0.3301,-105.31240467699536
7119,-0.039568532,-105.25913991006382
7120,-0.29834598,-105.2651825754001
7121,-0.020493573,-105.10513257067942
7122,0.05125469,-104.94829917531752
7123,0.6480945,-104.84877695720934
7124,-0.50728333,-104.84877695720934
7125,-0.12847927,-104.7344135252788
7126,0.0,-104.68664286118292
7127,0.0,-104.6749482780724
7128,-0.7787333,-104.6749482780724
7129,-0.3032,-104.6749482780724
7130,-0.06281823,-104.66720904661634
7131,0.5261003,-104.61982186390378
7132,-0.20513333,-104.61982186390378
7133,0.6194442,-104.56634349255182
7134,-0.18278334,-104.56634349255182
7135,-0.54648334,-104.56634349255182
7136,-0.6936,-104.56634349255182
7137,0.7566947,-104.5933393935702
7138,-0.8209361,-104.89073697729327
7139,-0.50111353,-105.26336152358272
7140,0.25478637,-105.62896291418292
7141,-0.38565,-106.04268852873065
7142,-0.14803535,-106.37359477086284
7143,-0.28125626,-106.60148292286613
7144,-0.070784606,-106.58321109107055
7145,0.17323186,-106.5606463446311
7146,-0.079012066,-106.20004313132085
7147,0.5587942,-105.7847271158389
7148,-0.61033416,-105.64850992402353
7149,0.0,-105.5791126756958
7150,0.0,-105.52157359635748
7151,0.0,-105.5074696798838
7152,1.0445834,-105.42740159081586
7153,-0.7453,-105.42740159081586
7154,0.008176535,-105.36717845099338
7155,-0.29336601,-105.32206840785511
7156,-0.1827,-105.32206840785511
7157,0.8967589,-105.25086899819144
7158,-0.19541667,-105.25086899819144
7159,-1.1778166,-105.25086899819144
7160,-1.2157333,-105.25086899819144
7161,-0.27878332,-105.44307526173361
7162,0.24284294,-105.6302987557865
7163,0.10665144,-105.74461495848664
7164,-0.18425,-106.18071374269493
7165,-0.327,-106.60029801698693
7166,-0.29155,-106.86049547763832
7167,-0.1972,-107.1621717807866
7168,-0.016858554,-107.32623799117573
7169,0.0,-107.35609913217195
7170,0.0,-106.93084353553422
7171,0.17216152,-106.65386155592569
7172,0.0078098774,-106.27822697507509
7173,-0.16969281,-106.21144985007413
7174,0.0,-106.17934526847966
7175,0.3035577,-106.12249035360583
7176,-0.45353332,-106.12249035360583
7177,1.6695855,-106.00276672067412
7178,-0.1934,-106.00276672067412
7179,-0.6724938,-105.99650032045611
7180,-0.16438334,-105.99650032045611
7181,0.8678118,-105.9294542294956
7182,-0.19291666,-105.9294542294956
7183,-0.6517656,-105.85526569159993
7184,0.030253362,-105.81152484910854
7185,-0.33535,-105.9478045214928
7186,0.4565071,-106.113673459462
7187,-0.16435,-106.33434025543102
7188,-0.15733333,-106.54107832508453
7189,-0.23224378,-106.66408431129821
7190,-0.357,-107.07194792824157
7191,-0.016331993,-107.1069307548023
7192,-0.17901666,-107.26174839558371
7193,-0.17408334,-107.2885559664137
7194,-0.9352647,-106.83380468348332
7195,-0.2875815,-106.59828898469277
7196,-0.53278255,-106.41508861044713
7197,0.25110728,-106.32108514169522
7198,-0.14231035,-106.31686839806207
7199,-0.1471612,-106.27779437573918
7200,-0.18093333,-106.27779437573918
7201,-0.19151667,-106.27779437573918
7202,-0.43940032,-106.26277614822902
7203,-0.26126668,-106.26277614822902
7204,-0.1795,-106.26277614822902
7205,0.3297403,-106.22886194726743
7206,0.02119708,-106.21562272096344
7207,-0.4608547,-106.17281574541994
7208,0.09735271,-106.07448858553835
7209,-0.48673442,-106.26177911991545
7210,-0.1854,-106.5117109769053
7211,0.20239177,-106.55638778368302
7212,-0.1902,-106.98130357424088
7213,0.1550535,-107.00584397064813
7214,0.2555958,-107.03091538856097
7215,-0.23875,-107.33268458554812
7216,0.20978482,-107.31628663623997
7217,0.488499,-107.26790391812392
7218,0.28188175,-106.94340630779334
7219,-1.3109326,-106.7616738469369
7220,-0.2814702,-106.70728641534515
7221,0.49659076,-106.63987443382211
7222,0.4414479,-106.57067990089126
7223,0.37670678,-106.53336512828537
7224,1.0841166,-106.4500903912849
7225,0.35777104,-106.4150074438221
7226,-0.16221666,-106.4150074438221
7227,-0.18278334,-106.4150074438221
7228,0.9574075,-106.34001429537602
7229,0.21494177,-106.31389133232005
7230,-0.16133334,-106.31389133232005
7231,0.29006326,-106.21364438133605
7232,-0.33203334,-106.21364438133605
7233,0.345912,-106.28622253584035
7234,0.24940579,-106.53867416428693
7235,-0.16075,-106.8843309168733
7236,-0.16928333,-107.3250866119779
7237,-0.19025,-107.75019066380628
7238,-0.19076666,-108.15721233533986
7239,-0.15908334,-108.19322542446025
7240,0.09654922,-108.19894009148993
7241,-0.3251832,-108.1813443328283
7242,-0.52175,-108.1813443328283
7243,-0.30309138,-108.1501383564464
7244,0.46586645,-108.0533447048656
7245,-0.93383056,-108.03076352617063
7246,0.24395767,-107.97420327803411
7247,-0.16663334,-107.97420327803411
7248,0.17954098,-107.95129028214433
7249,-0.19553334,-107.95129028214433
7250,-0.19575,-107.95129028214433
7251,0.78610605,-107.88918455941894
7252,-0.10867017,-107.88554912056134
7253,0.14795877,-107.8633315506886
7254,-0.19435,-107.8633315506886
7255,-0.33868334,-107.8633315506886
7256,-0.6974,-107.8633315506886
7257,-0.47768334,-108.01555720898614
7258,0.2949346,-107.80628169509873
7259,-1.1186602,-107.91714690807567
7260,-0.8120675,-108.18774737599597
7261,0.1934405,-108.23888229760632
7262,0.39065874,-108.44214401576028
7263,-0.33131015,-108.62705139252648
7264,-0.3773917,-108.62109737699211
7265,0.0,-108.55352870230854
7266,0.0,-108.51769962017715
7267,0.73073334,-108.41287954007566
7268,-0.49755898,-108.38547612582624
7269,-0.16917035,-108.3203182057041
7270,0.0,-108.30585895614058
7271,0.0,-108.2924277898419
7272,0.18728216,-108.26872020070732
7273,0.15607801,-108.24512446341396
7274,1.8084856,-108.11418399629474
7275,-0.17745,-108.11418399629474
7276,-0.1763,-108.11418399629474
7277,-0.17607746,-108.11231594749552
7278,-0.37291667,-108.11231594749552
7279,0.089370355,-108.06582987525326
7280,-0.6128333,-108.25350915112358
7281,-0.42751667,-108.56243531622749
7282,-0.413,-108.68850866176945
7283,-0.6149333,-108.80897665985685
7284,-0.4848,-108.90780014016491
7285,-0.67045,-109.0263449720369
7286,-0.90818334,-109.18789607503277
7287,-0.020124232,-109.19675974764687
7288,0.0,-109.1884847193287
7289,0.0,-109.10964383029204
7290,0.0,-108.92963933788997
7291,1.4727124,-108.72916446470481
7292,-1.2073166,-108.72916446470481
7293,-0.12693718,-108.71783629928541
7294,0.0,-108.70351463307452
7295,0.0,-108.6900737167598
7296,1.3977678,-108.58745164734137
7297,0.86335516,-108.51894673269999
7298,1.0532126,-108.43675232988608
7299,0.05330038,-108.41963997234416
7300,0.0033049583,-108.40748681717378
7301,-0.1785,-108.40748681717378
7302,0.18934011,-108.38167271048587
7303,-0.6325333,-108.38167271048587
7304,0.5764227,-108.28435034335416
7305,-0.48056668,-108.39154033393424
7306,-0.26078576,-108.69911704988044
7307,-0.75945,-109.11862351030868
7308,-0.29526666,-109.56336577267211
7309,-0.39465,-109.66191827536386
7310,-0.36641666,-109.80654203177255
7311,-0.39691666,-110.13932528377336
7312,-0.047168426,-110.32294846356672
7313,-0.09717984,-110.355489287831
7314,-0.935465,-109.964177254893
7315,1.153782,-109.6432344357745
7316,0.06624517,-109.60132383585733
7317,0.32058108,-109.56029056788248
7318,0.10596141,-109.5403705782519
7319,-0.17136666,-109.5403705782519
7320,-0.20263334,-109.5403705782519
7321,-0.20311667,-109.5403705782519
7322,-0.32408333,-109.5403705782519
7323,-0.22056666,-109.5403705782519
7324,-0.19345,-109.5403705782519
7325,-0.16635,-109.5403705782519
7326,-0.24716666,-109.5403705782519
7327,-0.6286333,-109.5403705782519
7328,-0.54106665,-109.5403705782519
7329,-0.32364377,-109.53542560276401
7330,0.0,-109.51927954640996
7331,0.0,-109.54280402821314
7332,0.0,-109.56392679673445
7333,1.1051027,-109.45772788238537
7334,0.20041749,-109.42209054094565
7335,-0.56175,-109.44672150474798
7336,0.9434391,-109.35119596433651
7337,-1.3634417,-109.09651074123394
7338,0.3970913,-108.49362829637539
7339,-0.48339027,-108.36634034228337
7340,0.0,-108.33718242619943
7341,0.0,-108.31742134255182
7342,0.4001682,-108.2786617421807
7343,-0.16611667,-108.2786617421807
7344,-0.19386667,-108.2786617421807
7345,-0.19773333,-108.2786617421807
7346,-0.21015,-108.2786617421807
7347,-0.1958,-108.2786617421807
7348,-0.21858333,-108.2786617421807
7349,-0.22623333,-108.2786617421807
7350,-0.38823333,-108.2786617421807
7351,-0.5093833,-108.2786617421807
7352,0.054923475,-108.23403595325362
7353,-0.33288333,-108.26572771680367
7354,-0.31111667,-108.31493178319943
7355,-0.23723334,-108.35700030562293
7356,-0.0642698,-108.38776218642306
7357,1.677707,-108.20254853118968
7358,-0.222,-108.21316672892135
7359,-0.17108333,-108.2928649935202
7360,-0.1872,-108.31928988390428
7361,0.6745312,-108.21452405893069
7362,-0.6544596,-107.92251708947879
7363,-0.931057,-107.72561196827155
7364,0.0,-107.63083330386144
7365,0.0,-107.61120547198516
7366,0.4892562,-107.56569315337401
7367,0.53428483,-107.520230973445
7368,-0.18131667,-107.520230973445
7369,-0.1929,-107.520230973445
7370,0.06136033,-107.50365963608783
7371,0.36194205,-107.4691408205108
7372,-0.16708334,-107.4691408205108
7373,-0.19233334,-107.4691408205108
7374,-0.19233334,-107.4691408205108
7375,-0.61448336,-107.4691408205108
7376,-0.40485,-107.47563039262604
7377,-0.3798,-107.53279017408204
7378,-0.24158333,-107.67788796623063
7379,-0.18171667,-107.7838116784842
7380,-0.15996666,-107.9460244228394
7381,-0.53237945,-108.01017190267157
7382,0.0,-107.72438756872725
7383,0.5716977,-107.69692801994097
7384,-0.1865,-107.71824574780476
7385,-0.04904265,-107.27258196783077
7386,0.20737913,-106.71420494031918
7387,-0.3512797,-106.51159861993801
7388,-0.11921523,-106.48491061043751
7389,0.0,-106.46282252793026
7390,0.0,-106.44137036179018
7391,0.0,-106.42868452922266
7392,-0.19463333,-106.42868452922266
7393,-0.18268333,-106.42868452922266
7394,-0.035928577,-106.42035772030067
7395,0.52851796,-106.37461930264544
7396,-0.19271667,-106.37461930264544
7397,-0.1906,-106.37461930264544
7398,0.38171464,-106.33260560159397
7399,1.1792132,-106.10842166964721
7400,-0.27041668,-106.1177440922038
7401,-0.36596668,-106.1990358497278
7402,0.21677993,-106.25588538900774
7403,-0.17701666,-106.70117771283549
7404,-0.16075,-106.8147668431775
7405,-0.09443044,-106.97738831148308
7406,0.42138767,-107.00086639293295
7407,-0.40503332,-107.07951376803976
7408,-0.5233667,-107.13940196328622
7409,0.118223436,-107.08915854089719
7410,-0.76745,-107.08915854089719
7411,-0.6332667,-107.08915854089719
7412,0.2893422,-107.04921979673964
7413,0.2680693,-107.01331471123558
7414,1.4362478,-106.90680152394634
7415,0.1866725,-106.88279881172639
7416,0.031963006,-106.86838638440531
7417,-0.18908334,-106.86838638440531
7418,0.54207253,-106.8218709196226
7419,0.1207034,-106.80363061495882
7420,0.47192925,-106.7609952151106
7421,-0.18773334,-106.7609952151106
7422,0.42278856,-106.7213177926169
7423,0.5019281,-106.6540203786717
7424,-0.42543334,-106.66536954448384
7425,-0.37366667,-106.6991473625676
7426,-0.6649,-106.779258203067
7427,-0.51991665,-106.86478396908205
7428,-0.22041176,-107.00450995222491
7429,-0.38306665,-107.0907886292116
7430,-0.3757,-107.18038277731102
7431,-0.13031805,-107.23541983620089
7432,0.19961995,-107.19447577402752
7433,-0.39968333,-107.20419948206109
7434,-0.79681665,-107.20419948206109
7435,-0.4519492,-107.15498685494822
7436,0.0,-107.09882360727352
7437,0.0,-107.08230710805219
7438,0.0,-107.07008494187903
7439,0.0,-107.05778369151813
7440,-0.19653334,-107.05778369151813
7441,0.17025262,-107.03547335446638
7442,-0.16126667,-107.03547335446638
7443,-0.18478334,-107.03547335446638
7444,-0.081487656,-107.0283117194922
7445,-0.18953334,-107.0283117194922
7446,0.12125251,-107.00811064180743
7447,-0.18953334,-107.00811064180743
7448,-0.18953334,-107.00811064180743
7449,-0.18953334,-107.00811064180743
7450,-0.07175368,-107.0004549644218
7451,-0.18953334,-107.0004549644218
7452,-0.18953334,-107.0004549644218
7453,-0.18953334,-107.0004549644218
7454,-0.18953334,-107.0004549644218
7455,-0.18953334,-107.0004549644218
7456,-0.18953334,-107.0004549644218
7457,-0.18953334,-107.0004549644218
7458,-0.18953334,-107.0004549644218
7459,-0.18953334,-107.0004549644218
7460,-0.13806939,-106.9971098081005
7461,0.0,-106.98479014176701
7462,0.36467212,-106.94876678574656
7463,-0.05928222,-106.94030046377156
7464,-0.18953334,-106.94030046377156
7465,-0.18953334,-106.94030046377156
7466,-0.18953334,-106.94030046377156
7467,-0.18953334,-106.94030046377156
7468,-0.18953334,-106.94030046377156
7469,-0.18953334,-106.94030046377156
7470,-0.16251667,-106.94030046377156
7471,-0.50521666,-106.94030046377156
7472,-0.5475513,-106.94486353926186
7473,-0.35915,-106.98325624324207
7474,-0.33924848,-107.10226261623029
7475,1.4261988,-107.08083557717327
7476,-0.24062213,-107.17702892057423
7477,-0.19091667,-107.22081929825072
7478,0.5355193,-107.28503967456345
7479,-0.009725738,-107.34259908281092
7480,-0.16038333,-107.37827131904487
7481,0.33850595,-107.33299751587037
7482,-0.4341133,-107.17297126360063
7483,-0.14894104,-107.01267960674886
7484,-0.008099735,-106.98663300655608
7485,-0.26525,-106.98663300655608
7486,1.0110927,-106.90770290426735
7487,-0.191,-106.90770290426735
7488,-0.08119322,-106.90184379748825
7489,-0.15981667,-106.90184379748825
7490,-0.11707761,-106.89685684216965
7491,-0.09953661,-106.89094855503936
7492,0.51398104,-106.84555053951044
7493,0.14011684,-106.82604619728227
7494,-0.089669555,-106.82077488543291
7495,-0.4220575,-106.79955027865071
7496,-0.23131298,-106.96332540975709
7497,-0.05498766,-107.23434224592347
7498,-0.18508333,-107.60824373232026
7499,0.017168209,-107.58947648906906
7500,-0.16011667,-107.58947648906906
7501,0.29634917,-107.52440349811513
7502,-0.2179885,-107.51247538586904
7503,-0.188277,-107.50752882527013
7504,-0.16615,-107.50752882527013
7505,-0.1795,-107.50752882527013
7506,-0.46849433,-107.50563167520158
7507,-0.1727643,-107.47528194189363
7508,-0.40093088,-107.47283453187265
7509,0.9037286,-107.38609992405691
7510,0.33673498,-107.35094456812658
7511,-0.013322681,-107.34056120990135
7512,-0.19135,-107.34056120990135
7513,0.29560196,-107.30857024966099
7514,-0.17618333,-107.30857024966099
7515,-0.04782033,-107.30115398783528
7516,-0.18498333,-107.30115398783528
7517,-0.19101667,-107.30115398783528
7518,-0.18845,-107.30115398783528
7519,-0.616,-107.30115398783528
7520,-0.29333332,-107.30115398783528
7521,-0.28478333,-107.30115398783528
7522,0.04602605,-107.27174094897055
7523,-0.17495,-107.27174094897055
7524,0.32123542,-107.22360962089442
7525,0.114757225,-107.19390180725895
7526,0.013345022,-107.17667050864839
7527,0.584535,-107.09904202278994
7528,-0.6925333,-107.09904202278994
7529,-0.73503333,-107.09904202278994
7530,0.50823605,-106.92611947115802
7531,-0.7147167,-106.92611947115802
7532,0.019082408,-106.89085594769858
7533,-0.0035281032,-106.73439302500628
7534,1.0797608,-106.36919632014178
7535,-0.33938625,-106.12011217531108
7536,-1.099021,-106.04003570433997
7537,-0.05572698,-106.03296329146542
7538,0.13334548,-106.01179091884114
7539,-0.11885236,-106.00706557249941
7540,-0.19175,-106.00706557249941
7541,-0.16626666,-106.00706557249941
7542,0.48762,-105.95402319049754
7543,-0.48225698,-105.94561131457158
7544,0.10088761,-105.87060834626027
7545,0.17703278,-105.78221681872674
7546,0.010884385,-105.7581354786671
7547,-0.186567,-105.74900497747876
7548,-0.040483776,-105.7237910877011
7549,0.32957962,-105.66468737153627
7550,-0.29398054,-105.65846744152077
7551,-0.27186668,-105.65846744152077
7552,-0.18590124,-105.64857249213674
7553,-1.0806739,-105.27019323660352
7554,0.023675349,-104.87594329072454
7555,-0.021851582,-104.8311638112209
7556,0.0,-104.79440523190715
7557,0.0,-104.77347956663289
7558,1.2244265,-104.68014434045472
7559,-0.14258078,-104.67732425751456
7560,0.41670343,-104.62953386800655
7561,-0.15231521,-104.62389935758256
7562,-0.16746667,-104.62389935758256
7563,-0.19098334,-104.62389935758256
7564,0.55144703,-104.57343355026387
7565,-0.08705759,-104.56463196054392
7566,0.6327948,-104.50573363080912
7567,0.040133044,-104.41444466933899
7568,0.11417368,-104.33053134307556
7569,0.057552278,-104.27432984412007
7570,0.19140106,-104.18194950670295
7571,-0.45595,-104.18194950670295
7572,-0.59781665,-104.18194950670295
7573,-0.59165,-104.18194950670295
7574,-0.39978158,-104.15820337571495
7575,-0.15101215,-104.11989951990836
7576,-0.4033,-104.11989951990836
7577,-0.23617728,-104.08025032021396
7578,0.77565134,-103.88669195510738
7579,-0.74871665,-103.88669195510738
7580,-0.68688333,-103.88669195510738
7581,-0.17920332,-103.87292192057066
7582,-0.2025,-103.87292192057066
7583,-0.13842882,-103.87085462706455
7584,-0.19276667,-103.87085462706455
7585,-0.19183333,-103.87085462706455
7586,0.97106326,-103.79597160565027
7587,-0.035954893,-103.78774400772818
7588,-0.18098333,-103.78774400772818
7589,0.092659265,-103.76938957320817
7590,1.0665292,-103.68775742845901
7591,-0.6242833,-103.68775742845901
7592,-0.41186666,-103.68775742845901
7593,0.13600332,-103.66087212944694
7594,-0.31706667,-103.66087212944694
7595,0.051345766,-103.63432748774358
7596,-0.46895,-103.63432748774358
7597,-1.0015833,-103.63432748774358
7598,0.8540902,-103.4732711182005
7599,-0.57173336,-103.4732711182005
7600,-0.50185,-103.4732711182005
7601,-0.43798333,-103.4732711182005
7602,-0.46165,-103.4732711182005
7603,-0.4479,-103.4732711182005
7604,-0.04619691,-103.44383025327988
7605,0.0,-103.42358167069324
7606,0.0,-103.40998258786567
7607,1.2352434,-103.3172247667826
7608,-0.19295,-103.3172247667826
7609,-0.17546667,-103.3172247667826
7610,0.17287551,-103.29542536074587
7611,-0.17866667,-103.29542536074587
7612,-0.22408333,-103.29542536074587
7613,0.4025943,-103.24841665262647
7614,-0.16781667,-103.24841665262647
7615,-0.14088456,-103.19942406723567
7616,-0.3991696,-103.184216423615
7617,-0.23168743,-103.17233685748943
7618,0.25352368,-103.1266728189803
7619,-0.13188912,-103.10734544666775
7620,0.21412988,-103.07450117515691
7621,-0.2445628,-103.07408384118753
7622,1.0916749,-102.98499864224868
7623,0.6499293,-102.91304282729106
7624,0.7873462,-102.82067049924808
7625,-0.54685724,-102.79480855424481
7626,0.5014804,-102.68998324383574
7627,0.17288664,-102.62911703322607
7628,-0.014979392,-102.49895752106386
7629,-0.31722528,-102.27427258227544
7630,-0.3302615,-102.16365525756555
7631,-0.19266666,-102.16365525756555
7632,-0.1639,-102.16365525756555
7633,1.1431792,-102.07775152359682
7634,-0.19071667,-102.07775152359682
7635,-0.18975,-102.07775152359682
7636,-0.059982777,-102.07021582058223
7637,-0.2688,-102.07021582058223
7638,-0.39436665,-102.07021582058223
7639,0.1609221,-101.94806010207685
7640,0.77957076,-101.78582056543382
7641,-0.38713333,-101.78582056543382
7642,-0.20452201,-101.77934667306545
7643,-0.22630323,-101.7738526759349
7644,-0.17198427,-101.76392009739357
7645,-0.14945546,-101.7133172738977
7646,-0.21418333,-101.7133172738977
7647,0.35128516,-101.65893653665262
7648,0.04247868,-101.63481814113038
7649,-0.5844667,-101.63481814113038
7650,-1.6759224,-101.44330449846166
7651,-0.40299848,-101.21025449481385
7652,0.8644329,-101.01669754531758
7653,-0.65816456,-100.97123640846985
7654,0.5478442,-100.89906621050613
7655,-0.1876,-100.89906621050613
7656,-0.19491667,-100.89906621050613
7657,-0.19358334,-100.89906621050613
7658,-0.1943,-100.89906621050613
7659,-0.1784,-100.89906621050613
7660,-0.16623333,-100.89906621050613
7661,0.88747716,-100.8294732801296
7662,-0.22628333,-100.8294732801296
7663,-0.55946666,-100.8294732801296
7664,0.28929716,-100.72697785568016
7665,-0.39086667,-100.72697785568016
7666,-0.33336666,-100.72697785568016
7667,-0.17938334,-100.72697785568016
7668,0.0074630976,-100.70950045880454
7669,-0.19853333,-100.70950045880454
7670,-0.16748333,-100.70950045880454
7671,-0.17113334,-100.70950045880454
7672,-0.18248333,-100.70950045880454
7673,-0.35962412,-100.63436704572814
7674,-0.42229342,-100.18033018407004
7675,0.0,-99.90346052941459
7676,0.0,-99.72695088085311
7677,0.0,-99.70332121361571
7678,0.0,-99.69006121416169
7679,0.59314996,-99.63975446556287
7680,-0.1616,-99.63975446556287
7681,0.36278677,-99.6030877444573
7682,-0.089540616,-99.59592846759188
7683,0.133302,-99.57541867137479
7684,-0.17625,-99.57541867137479
7685,-0.17678334,-99.57541867137479
7686,0.40555084,-99.5358964556508
7687,0.22528347,-99.42795563281106
7688,0.4410889,-99.32470010012912
7689,-0.19627273,-99.30454670057225
7690,-0.09533934,-99.29374769401329
7691,-0.15956667,-99.29374769401329
7692,-0.1763,-99.29374769401329
7693,-0.27414113,-99.2677025951125
7694,-0.28690067,-99.20876152884739
7695,-0.5600333,-99.20876152884739
7696,-0.6662833,-99.20876152884739
7697,-0.55725,-99.20876152884739
7698,-0.80305,-99.20876152884739
7699,-0.06765083,-99.17329433259147
7700,0.0,-99.14245616715925
7701,0.0,-99.1113190024771
7702,0.0,-99.096891169218
7703,0.5200391,-99.05069529708999
7704,0.53117275,-99.00329690497892
7705,-0.32623333,-99.00329690497892
7706,0.7182495,-98.94238110703009
7707,1.3509377,-98.84230140667933
7708,-0.15998334,-98.84230140667933
7709,-0.17511667,-98.84230140667933
7710,0.1392017,-98.82092171419936
7711,-0.902609,-98.54957708228903
7712,0.21273571,-98.14052637924033
7713,-0.56820935,-98.0105428199895
7714,0.89424425,-97.79674317945319
7715,-0.40710726,-97.71142789234
7716,0.11489446,-97.57891347516852
7717,-0.11781859,-97.48911076296645
7718,-0.06023686,-97.44993816201168
7719,-0.4241991,-97.42520511221664
7720,-0.60891664,-97.42520511221664
7721,-0.6154497,-97.38603627380508
7722,-0.36348292,-97.04920741614478
7723,-1.644808,-96.93656403270143
7724,0.9741548,-96.65572691407579
7725,-0.2597925,-96.48199552741426
7726,-0.32734504,-96.46622079123335
7727,0.07377878,-96.44285467152076
7728,0.43409365,-96.3975522506662
7729,1.357828,-96.28405501578527
7730,-0.03276089,-96.26643638942915
7731,-0.23641667,-96.26643638942915
7732,-0.23103334,-96.26643638942915
7733,0.23540242,-96.2341984014638
7734,0.976801,-96.15371966619568
7735,-0.46368334,-96.15371966619568
7736,-0.8998167,-96.15371966619568
7737,-0.80935,-96.15371966619568
7738,0.0665863,-96.06400767226296
7739,-0.089526355,-96.00937735174375
7740,-0.24608627,-95.89598698799091
7741,-0.47754505,-95.85986232270079
7742,-0.4461327,-95.72038506974059
7743,-0.71611667,-95.72038506974059
7744,0.43377,-95.62184141833859
7745,0.66251695,-95.43333217759209
7746,-0.76055396,-95.41986869719403
7747,2.0,-95.25869362500089
7748,-0.27349207,-95.25171427593159
7749,-0.5611,-95.25171427593159
7750,-0.66066664,-95.25171427593159
7751,0.112064384,-95.21873884067463
7752,1.2375724,-95.12320471719431
7753,-0.21363333,-95.12320471719431
7754,-0.21906666,-95.12320471719431
7755,-0.19046667,-95.12320471719431
7756,0.5646716,-95.07463422954606
7757,0.3616955,-95.03732993990707
7758,0.67824847,-94.97173096031474
7759,0.41884845,-94.91978306487727
7760,-0.7416833,-94.91978306487727
7761,-0.17916474,-94.86589252740669
7762,-0.50458336,-94.86589252740669
7763,0.2074973,-94.82387995511817
7764,-0.86385,-94.82387995511817
7765,-0.7659,-94.82387995511817
7766,1.1469616,-94.64329403430747
7767,0.34484643,-94.54345101655053
7768,-0.50233334,-94.54345101655053
7769,-0.8024833,-94.54345101655053
7770,-1.0438111,-94.4790605732851
7771,-0.018823296,-94.35880992353486
7772,0.19972742,-94.23288147688436
7773,-0.03635849,-94.13559869468736
7774,-0.938514,-94.10779910699057
7775,-0.21214077,-94.09867575742828
7776,-0.21923631,-94.09689278436417
7777,0.12648031,-94.07770823223109
7778,1.1858803,-93.98924885226006
7779,0.14585695,-93.96738240217383
7780,0.8978755,-93.89627074544842
7781,0.5625854,-93.84778927733714
7782,0.08571851,-93.81585465838725
7783,0.3896594,-93.74400087913091
7784,-0.6280356,-93.73906752515177
7785,-0.43523332,-93.73906752515177
7786,-0.028641192,-93.72288628715614
7787,-0.40243706,-93.54811453122238
7788,0.16691163,-93.37383686799149
7789,0.4991575,-93.28813388991694
7790,-0.47994262,-93.28558974435146
7791,0.07229116,-93.25286932011659
7792,-0.06952456,-93.23485075031931
7793,-0.86285,-93.6064668456238
7794,-0.06977055,-93.48233769183571
7795,-1.3583946,-93.46747617238725
7796,-0.54071283,-93.40527417325939
7797,0.5243881,-93.27886295878852
7798,-0.76824605,-93.24114536681736
7799,0.52121,-93.19322671556438
7800,2.0,-93.05096988940204
7801,0.29280096,-93.0214154105779
7802,1.023119,-92.94261034393276
7803,0.047131777,-92.92662694679166
7804,0.007660866,-92.91416032427514
7805,0.0010228157,-92.90361475852842
7806,-0.19061667,-92.90361475852842
7807,-0.33286667,-92.90361475852842
7808,-0.18709677,-92.86485253555293
7809,0.22590896,-93.00516179484839
7810,-0.1723,-93.00516179484839
7811,0.0797911,-92.9803356668126
7812,0.64346313,-92.90375106690044
7813,-0.08996928,-92.88765537833387
7814,0.12815762,-92.83971780260617
7815,0.007047653,-92.80893302430923
7816,0.0009922981,-92.79124921654875
7817,0.00068950653,-92.68492020016129
7818,0.00067424774,-92.11818159466202
7819,-0.38121572,-91.85856071954186
7820,-1.6181834,-91.85856071954186
7821,-1.45,-91.85856071954186
7822,-1.3317,-91.85856071954186
7823,-0.21353333,-91.85856071954186
7824,-0.19726667,-91.85856071954186
7825,0.43135238,-91.81924748142774
7826,-0.16141666,-91.81924748142774
7827,0.2388474,-91.79100298417325
7828,0.05501461,-91.77471411695296
7829,0.035231326,-91.76115741489048
7830,0.2029478,-91.73762430904026
7831,-0.017054256,-91.68320786861295
7832,-0.15351085,-91.64629990143294
7833,0.26444837,-91.89412552399153
7834,0.13695587,-91.83859895078058
7835,0.3409939,-91.78984955606575
7836,-0.18081667,-91.95309122560138
7837,-0.36368334,-91.95309122560138
7838,0.3008654,-91.90110464674945
7839,0.8843306,-91.79880940449948
7840,0.5688013,-91.72648098600621
7841,-0.78585,-91.72648098600621
7842,-2.0,-91.41848977936024
7843,0.21020047,-91.07651069296116
7844,-2.0,-90.88736935985798
7845,0.11554993,-90.68764820230717
7846,-0.53407156,-90.63481327054615
7847,-0.051364873,-90.624402320027
7848,0.059965014,-90.60769742728735
7849,0.36436117,-90.57132812218333
7850,0.52959937,-90.5259657465067
7851,1.4775245,-90.41890807078744
7852,0.2415904,-90.39041377791727
7853,0.6638112,-90.33469071799482
7854,0.020909857,-90.30993482844497
7855,-0.47141665,-90.30993482844497
7856,0.3195523,-90.73642456905509
7857,-0.06499811,-90.92061256246234
7858,0.27759838,-90.85873557628656
7859,0.0145196915,-90.84220539221133
7860,0.0013661385,-90.82618157567049
7861,0.0007081032,-90.79096058385039
7862,0.0006752014,-90.76793291607464
7863,0.0006737709,-90.74975108170474
7864,-0.19013333,-90.74975108170474
7865,-0.3913599,-91.21143539810146
7866,-0.42079574,-90.78673802876438
7867,-0.96301126,-90.52105670237506
7868,-1.3180757,-90.43584879302944
7869,-1.4252666,-90.43584879302944
7870,-0.5164249,-90.38193616458739
7871,-0.21581666,-90.38193616458739
7872,0.15335654,-90.3595670741197
7873,-0.16243333,-90.3595670741197
7874,-0.17328334,-90.3595670741197
7875,-0.19191666,-90.3595670741197
7876,0.7131454,-90.30070771092142
7877,1.5785843,-90.1874982323643
7878,-0.40127754,-90.17452493963356
7879,-0.18187404,-90.09335470852966
7880,-0.4865,-90.09335470852966
7881,-0.4328,-90.54966751394386
7882,-0.18108334,-90.54966751394386
7883,-0.15686667,-90.54966751394386
7884,-0.17971666,-90.54966751394386
7885,-0.10025954,-90.54160164391214
7886,-0.1728888,-90.84221853410418
7887,0.076791026,-91.28010998760874
7888,-0.1892,-91.50984481071646
7889,-0.35726464,-91.45242894162948
7890,-0.5837771,-90.96968213190848
7891,-0.10459521,-90.62693143358047
7892,0.1886907,-90.39063212742622
7893,-1.124098,-90.29878049810941
7894,-0.12685645,-90.18774141838367
7895,-0.17433019,-90.18264629786427
7896,-0.17116667,-90.18264629786427
7897,-0.10113472,-90.17890563818219
7898,0.39370465,-90.14105367126467
7899,-0.18808334,-90.14105367126467
7900,0.20762292,-90.1156610178441
7901,1.6265496,-89.99981696183386
7902,0.4845918,-89.94314941416087
7903,-0.51552904,-89.93791724766197
7904,-0.3134,-89.93791724766197
7905,-0.24223334,-89.93791724766197
7906,-0.23553333,-89.93791724766197
7907,-0.022029057,-90.29748855555954
7908,-0.09459828,-90.76100169146957
7909,-0.21461667,-90.76100169146957
7910,-0.23451667,-90.76100169146957
7911,-0.24861667,-90.79708159739675
7912,-0.24505,-90.82116062963905
7913,-0.8304,-90.88551636064949
7914,-1.3346761,-90.83818900982442
7915,-0.5103877,-90.77179396549764
7916,0.40345678,-90.63633028070035
7917,-0.38264394,-90.56670405367913
7918,0.0,-90.48014355848136
7919,0.0,-90.46789105913194
7920,1.179206,-90.37961417368206
7921,-0.17878333,-90.37961417368206
7922,1.5975308,-90.26551767370256
7923,0.7522125,-90.20692260867509
7924,0.038250446,-90.19272116410139
7925,0.0025525093,-90.18100691797736
7926,0.0007677078,-90.15685068468156
7927,0.0006785393,-90.13823499741557
7928,0.0006737709,-90.10001611548068
7929,-0.4888428,-90.21840885865095
7930,0.5158849,-90.18808231341245
7931,-0.46838334,-90.36068930315378
7932,-0.031074762,-90.350023013787
7933,-0.6289833,-90.40884817882034
7934,1.216187,-90.3422812421486
7935,-0.5404,-90.3506007988617
7936,-0.9501333,-90.36228519330325
7937,-1.2727,-90.36228519330325
7938,-0.19058567,-90.25629635552468
7939,-1.1622744,-90.21827401990595
7940,-0.5222898,-90.14039795125427
7941,-1.4522029,-90.135215475937
7942,0.0,-90.05072631665098
7943,0.0,-90.03874140024709
7944,-0.18135,-90.03874140024709
7945,-0.17853333,-90.03874140024709
7946,-0.16348334,-90.03874140024709
7947,-0.15135,-90.03874140024709
7948,0.0022454262,-90.02737319820153
7949,-0.27915,-90.02737319820153
7950,-0.39233333,-90.02737319820153
7951,-0.53823334,-90.02737319820153
7952,0.3019371,-89.96468695603835
7953,-0.6188667,-89.97270895425754
7954,-0.56296664,-89.98156302772986
7955,0.4253251,-89.91295247875678
7956,-0.24764931,-89.90640153015556
7957,0.009623051,-89.87671947131457
7958,-0.31891492,-89.8689774444938
7959,-0.06854201,-89.84891349288228
7960,0.0,-89.81906007813814
7961,0.51954716,-89.57388243662717
7962,-0.4929298,-89.26101121889951
7963,0.38125002,-88.96894348251226
7964,0.40028825,-88.83302274929883
7965,-0.7411814,-88.7808937078953
7966,0.0,-88.69660062553885
7967,0.0,-88.68531012559833
7968,-0.15355,-88.68531012559833
7969,0.46768802,-88.6429384912044
7970,0.24756975,-88.61500996003451
7971,-0.17248334,-88.61500996003451
7972,0.55586123,-88.56903798157873
7973,-0.17148334,-88.56903798157873
7974,0.35488603,-88.52053047741356
7975,-0.44935167,-88.48003090197744
7976,-0.52555,-88.48927290017309
7977,-0.39711666,-88.5190707056463
7978,-0.37011668,-88.53832091043296
7979,-0.32468334,-88.62768163929286
7980,-0.29735,-88.761519339183
7981,0.4461748,-88.84916790972056
7982,-0.42513156,-88.96153901914658
7983,-0.5728927,-89.30580549339356
7984,0.1350294,-89.49863450626435
7985,0.589877,-89.33026215831342
7986,-0.13467747,-88.67437318364682
7987,-0.2808146,-88.34940663377347
7988,-0.7204408,-88.17269270519319
7989,0.109490365,-88.05035899976792
7990,-0.24681844,-87.97713661591115
7991,-0.15568334,-87.97713661591115
7992,0.40645334,-87.93990439946356
7993,0.015036404,-87.92503761711123
7994,-0.30641666,-87.92503761711123
7995,0.3410883,-87.89282437997463
7996,0.21196663,-87.86008496420982
7997,0.047571123,-87.84538167553546
7998,-0.47711667,-87.84538167553546
7999,-0.5605117,-87.81480102079513
8000,-0.54815,-87.97222558992507
8001,-0.1764817,-88.24602596300247
8002,0.8343924,-88.52146018880012
8003,0.47841015,-88.89036221640708
8004,0.16943774,-89.30785991089942
8005,-0.43702295,-89.75712142723205
8006,-0.27596667,-90.17992330926063
8007,-0.36218333,-90.5051726235688
8008,0.5643625,-90.64864009457233
8009,-1.1099445,-90.66586638639274
8010,-0.7912717,-90.2614520604402
8011,-0.34575355,-89.94373772690597
8012,-0.42793745,-89.65552042076888
8013,0.0,-89.51075133333507
8014,0.0,-89.42175225565734
8015,0.0,-89.40947700596007
8016,-0.1606,-89.40947700596007
8017,-0.15591666,-89.40947700596007
8018,-0.18291667,-89.40947700596007
8019,-0.18308334,-89.40947700596007
8020,0.12825918,-89.39006849309953
8021,0.517074,-89.34671410477313
8022,-0.188661,-89.32729823446425
8023,-0.5224521,-89.30222731387767
8024,-0.122138426,-89.25218093699368
8025,-0.56665,-89.26607136453094
8026,-0.17913334,-89.3726917954773
8027,0.60660154,-89.35459780531528
8028,-0.15463333,-89.38126497181656
8029,-0.36812702,-89.39074968012574
8030,-0.26591668,-89.61557799788716
8031,-0.017518982,-89.67916342082026
8032,-0.42256665,-89.93964117231371
8033,-0.15154046,-89.90058476688864
8034,-0.3296415,-89.39549661638739
8035,0.3144074,-89.03101299169066
8036,-0.49470323,-88.83888621094229
8037,0.0,-88.73400546821358
8038,0.8074902,-88.59508052679303
8039,-0.18273333,-88.59508052679303
8040,-0.18101667,-88.59508052679303
8041,-0.16323334,-88.59508052679303
8042,0.55117756,-88.54920932116511
8043,0.38303438,-88.51308658557537
8044,-0.17943333,-88.51308658557537
8045,0.36615357,-88.47191860365274
8046,-0.3784,-88.47191860365274
8047,-0.65631664,-88.47191860365274
8048,-0.42409354,-88.46146894829872
8049,-0.8538667,-88.46522401111724
8050,-0.20208333,-88.46646177607181
8051,-0.044654697,-88.45590992017242
8052,-0.17335,-88.483697724776
8053,-0.33848333,-88.50035259804281
8054,-0.37975,-88.51041310491564
8055,-0.24136455,-88.51611135971325
8056,0.0,-88.49606222916918
8057,0.0,-88.3057578306325
8058,0.0,-87.59168846417742
8059,0.0,-87.24363623071986
8060,0.0,-87.01223515976744
8061,0.0,-86.90627432872134
8062,0.0,-86.81794583309966
8063,0.0,-86.80635200046527
8064,0.03627015,-86.78696552455949
8065,-0.117987625,-86.78427047074365
8066,0.6836067,-86.72250703886675
8067,0.924345,-86.6436244489305
8068,-0.29449144,-86.64284822678019
8069,-0.299,-86.64284822678019
8070,-0.36321667,-86.64284822678019
8071,0.031309836,-86.52223853355099
8072,-0.4161541,-86.50882886869658
8073,-0.3517,-86.52364926559676
8074,1.0097855,-86.40941439343442
8075,-0.1616,-86.51229876799334
8076,0.01808265,-86.58093683941115
8077,-0.11390826,-86.75741318387736
8078,-0.1249605,-86.80772570295085
8079,-0.124202475,-86.85405987648119
8080,-0.19132994,-86.69696727542032
8081,-1.4856586,-86.3399391487037
8082,-0.9728286,-85.71517375258554
8083,-0.47497848,-85.47317844776262
8084,0.08070413,-85.35068893579592
8085,-0.07602893,-85.2475076556002
8086,0.0,-85.1604542448913
8087,0.83903646,-85.09425371287216
8088,0.48285216,-85.04747849104751
8089,1.577663,-84.93000532088627
8090,0.750845,-84.86430473027576
8091,0.5311279,-84.81094441709865
8092,0.027196407,-84.79084556883026
8093,0.001999855,-84.77362057899882
8094,0.00074005127,-84.7462703097408
8095,-0.74616665,-84.7462703097408
8096,-1.0777833,-84.75050958299835
8097,0.85626245,-84.69099457615812
8098,-0.6903667,-84.78208441341121
8099,-0.5064333,-84.82966122457583
8100,0.15912051,-84.90232135036786
8101,-0.58888334,-84.97082978913386
8102,-0.3729,-85.00311403775413
8103,-0.5548667,-85.0287447260489
8104,-0.51526666,-85.03007718788285
8105,-0.7108,-85.03007718788285
8106,-0.36340502,-84.9136895971169
8107,0.07110511,-84.79353026913304
8108,-0.22760081,-84.69113474206824
8109,0.21453686,-84.571378520297
8110,-0.13148835,-84.4937320114841
8111,-0.1809,-84.4937320114841
8112,-0.18633333,-84.4937320114841
8113,0.4317803,-84.45413962619205
8114,0.22271785,-84.42969196716149
8115,-0.16845,-84.42969196716149
8116,2.0,-84.287686478885
8117,-0.18101667,-84.287686478885
8118,-0.4679,-84.287686478885
8119,-0.4955001,-84.27921048698772
8120,-0.28897178,-84.26349255403329
8121,-0.5605,-84.28402041790832
8122,-0.4963825,-84.34133843106974
8123,-0.04024768,-84.34988740047265
8124,-1.1006,-84.47156568577338
8125,-0.31325072,-84.89021187236358
8126,-0.46423784,-85.17717256357719
8127,0.75803816,-85.36719689478923
8128,-0.63772035,-85.6177744637971
8129,-0.7456507,-85.72019131442357
8130,0.19227776,-85.56525661011983
8131,-0.18202387,-85.46287233343173
8132,0.0,-85.34819175263692
8133,0.0,-85.2393828403001
8134,0.0,-85.15078350862314
8135,1.0296252,-85.07361495455552
8136,1.2283213,-84.98304799159814
8137,1.9516246,-84.84412622412492
8138,0.18033123,-84.82035152947356
8139,0.009656429,-84.80914294494141
8140,0.0011229515,-84.79907403660764
8141,0.00069618225,-84.78719553498377
8142,0.0006747246,-84.7631742615049
8143,0.0006737709,-84.67566172366787
8144,0.0006737709,-84.63531616290857
8145,-0.42181668,-84.69507963171054
8146,-0.31096667,-84.76882872691203
8147,0.77330446,-84.70827281808306
8148,0.03930521,-84.74080473145295
8149,0.0026049614,-84.81446146180679
8150,-0.2006,-84.9058993752842
8151,0.2125678,-85.00877188851882
8152,-0.18956667,-85.27416714241554
8153,-0.27677795,-85.36020241638471
8154,-1.2622732,-85.27976468166162
8155,-0.20320694,-85.17763388862659
8156,0.24506292,-85.03918413033534
8157,-0.05015111,-84.94272962173272
8158,0.44973588,-84.82674670925189
8159,-0.0073369443,-84.81485736144532
8160,-0.19291666,-84.81485736144532
8161,0.6678317,-84.75909071562637
8162,-0.16535,-84.75909071562637
8163,0.02555535,-84.74643270166416
8164,-0.1923,-84.74643270166416
8165,0.62693226,-84.69333102049131
8166,-0.10106883,-84.6743262452801
8167,-0.7299936,-84.66705439526413
8168,-0.0701554,-84.63952813397918
8169,-0.32198334,-84.71604704957281
8170,-0.5940105,-84.74820519339119
8171,0.69652665,-84.75203547145065
8172,-0.1069119,-85.18597013021645
8173,-0.22131667,-85.64503494168457
8174,-0.17621666,-85.81360624993977
8175,-0.09639084,-86.17679794396099
8176,-0.17796667,-86.41888776684937
8177,0.22836259,-86.47430094967422
8178,-0.6270547,-86.34441137204703
8179,-0.1015169,-86.23743981013831
8180,-0.47209755,-86.16109715292987
8181,0.1398729,-86.04823399971065
8182,-0.15203978,-85.97055616865691
8183,-0.19011667,-85.97055616865691
8184,0.30882332,-85.93803081924852
8185,-0.16908911,-85.93723277795652
8186,-0.16325,-85.93723277795652
8187,-0.17558333,-85.93723277795652
8188,0.1024781,-85.91821086827258
8189,1.1580855,-85.83075540188293
8190,-0.39291668,-85.83075540188293
8191,-0.76565,-85.83075540188293
8192,-0.22790597,-85.73424879137019
8193,-0.104545854,-85.7169775650982
8194,-0.18588333,-85.73216608214716
8195,-0.099343665,-85.80292217481474
8196,-0.12620197,-85.83377157758514
8197,0.58064836,-85.93798673759738
8198,0.3769446,-86.04207074503938
8199,-0.18501666,-86.29801335792581
8200,-0.18436667,-86.56672048430482
8201,-0.31236666,-86.68553812663595
8202,-0.6262833,-86.48131653528253
8203,-0.22442122,-86.37835900347272
8204,1.4319949,-86.17570884387533
8205,-0.45081177,-86.0981992767338
8206,0.5867821,-85.97230627994577
8207,0.14748514,-85.95204999718408
8208,0.4173758,-85.91312632012705
8209,0.20996967,-85.88719762537221
8210,-0.18836667,-85.88719762537221
8211,0.03361845,-85.8735919273604
8212,0.13193238,-85.85439857422898
8213,-0.20356667,-85.85439857422898
8214,-0.48168334,-85.85439857422898
8215,-0.58918333,-85.85439857422898
8216,0.93015105,-85.65314189672063
8217,-0.1713105,-85.65145557258802
8218,-0.18338333,-85.67659651373106
8219,-0.16371667,-85.71048449237423
8220,-0.12659751,-85.72043191433477
8221,0.49332058,-85.69360508747923
8222,0.6164836,-85.65689008661138
8223,-0.16543333,-85.68314373285102
8224,-0.107510716,-85.68599710708077
8225,-0.6067,-85.68599710708077
8226,-0.506348,-85.4660694385093
8227,-0.45293057,-85.37506167685206
8228,-0.09095671,-85.26495753323252
8229,0.20088303,-85.14663156216557
8230,-0.23399034,-85.07343226765806
8231,0.086951554,-85.05554958341236
8232,-0.17368333,-85.05554958341236
8233,-0.0875086,-85.05070547574724
8234,-0.1805,-85.05070547574724
8235,0.92657924,-84.97828057968582
8236,-0.18778333,-84.97828057968582
8237,-0.2155,-84.97828057968582
8238,1.2339177,-84.86143326574529
8239,-0.7702957,-84.85871789466182
8240,-0.39386666,-84.86047860690451
8241,-0.3256,-84.88533201896644
8242,-0.030404925,-84.91063060321903
8243,-0.15883334,-84.95585594409204
8244,-0.18153334,-84.9840777748177
8245,-0.18505,-85.03375298985338
8246,-0.18475,-85.13712832042074
8247,-0.16691667,-85.23254485883808
8248,-0.15711667,-85.33286612936354
8249,0.58191884,-85.3345123083709
8250,-0.07622116,-85.07492609335168
8251,-0.5277921,-84.96884017450793
8252,0.18523051,-84.79030052585586
8253,-1.2160927,-84.74373513845785
8254,0.47841164,-84.62567163644417
8255,0.087589934,-84.60895537411852
8256,0.85698724,-84.54086112802906
8257,-0.069115296,-84.53302853940113
8258,0.13148153,-84.5128710736899
8259,0.5878014,-84.46417948430462
8260,0.4528036,-84.42298333546205
8261,-0.18856667,-84.42298333546205
8262,0.5856221,-84.35963832041307
8263,0.99176264,-84.2591745947866
8264,0.05022812,-84.23230100063665
8265,-1.2735333,-84.28724376497848
8266,-1.4442682,-84.35575396208151
8267,0.4231373,-84.4535830879031
8268,0.4075948,-84.80102938054188
8269,-0.071898594,-85.20245471237286
8270,0.57795286,-85.23445108173473
8271,-0.4681385,-85.25732782123669
8272,-0.91132766,-85.428641077262
8273,-0.72608334,-85.54343471316679
8274,-0.30974177,-85.43542259572132
8275,-0.66349804,-85.35999214289768
8276,-0.22221376,-85.26479728905542
8277,-1.0444504,-85.2197826506017
8278,0.4499031,-85.10078044993861
8279,0.0015081288,-85.08874083789124
8280,0.890645,-85.01829741628899
8281,0.40677857,-84.97941256048216
8282,-0.07912703,-84.97013123439683
8283,1.291638,-84.86384184764756
8284,-0.3061,-84.86384184764756
8285,-0.2553,-84.86384184764756
8286,-0.36788332,-84.86384184764756
8287,-0.8318,-84.86384184764756
8288,-0.4257083,-84.84571604164375
8289,-0.33683705,-84.84389275255671
8290,-0.45806667,-84.90809100064507
8291,-0.5445167,-84.97776614817849
8292,-0.6591,-85.06427937689296
8293,-0.6990833,-85.14508270415536
8294,-0.42588922,-85.1773317152547
8295,0.0,-85.12731480541697
8296,0.6559345,-85.05476849469414
8297,-0.33325,-85.06323679479829
8298,-0.06520426,-84.9315882394003
8299,-0.20179227,-84.81620298269263
8300,0.0,-84.69332590642443
8301,0.38491666,-84.55677933934203
8302,-0.36503083,-84.49209551456443
8303,0.0,-84.4738792641001
8304,-0.27675,-84.4738792641001
8305,-0.30285,-84.4738792641001
8306,-0.33445,-84.4738792641001
8307,-0.36111668,-84.4738792641001
8308,-0.33891666,-84.4738792641001
8309,-0.38683334,-84.4738792641001
8310,2.0,-84.31360551844409
8311,-0.82963336,-84.31360551844409
8312,-0.68796664,-84.31360551844409
8313,0.18464649,-84.25386435668042
8314,-0.16731666,-84.32381186018756
8315,-0.28823334,-84.45045575629047
8316,-0.27376667,-84.53097166995576
8317,0.5861237,-84.41217858473829
8318,0.5693553,-84.06129367034009
8319,-0.5878,-84.11184637378028
8320,-0.34406668,-84.15798884014657
8321,-0.9099236,-84.14957978426537
8322,0.0,-83.45436438023171
8323,0.0,-83.1488676279696
8324,0.0,-83.03678704648337
8325,0.0,-82.93248371630034
8326,0.0,-82.84492871760449
8327,0.0,-82.83298605158052
8328,0.7883453,-82.76443736477813
8329,0.87332356,-82.69067491813621
8330,0.38382795,-82.64840360581002
8331,1.1788985,-82.55386771111807
8332,-0.09315587,-82.54106525926909
8333,0.23808289,-82.5055742062541
8334,0.012544155,-82.4813209198328
8335,-0.06469946,-82.38455604984483
8336,-0.17038219,-82.37116522844008
8337,-0.3086,-82.45342217142752
8338,-0.33162352,-82.81691096480063
8339,-0.21170557,-83.02606977279356
8340,-0.11124676,-83.4446265524166
8341,-0.071376786,-83.91196511442831
8342,-0.27204272,-84.32988799865416
8343,0.36047825,-84.65409950668982
8344,0.38033724,-84.84116151685885
8345,-0.92525,-84.96727758402994
8346,-1.9787419,-84.52536910529307
8347,-0.4539542,-84.19787990803889
8348,-0.7088616,-83.90340575332812
8349,0.4855109,-83.74113796408346
8350,-1.0553259,-83.72288006114832
8351,-0.18411666,-83.72288006114832
8352,0.46820092,-83.6816071713256
8353,0.43858486,-83.64161690640321
8354,2.0,-83.49972515869013
8355,-0.2898,-83.49972515869013
8356,0.22672153,-83.47461425828806
8357,0.53142023,-83.42225652503839
8358,-0.3902,-83.42225652503839
8359,-1.1200833,-83.42225652503839
8360,-0.69595,-83.42363924557867
8361,-0.5338167,-83.43619204337301
8362,-0.1664,-83.49495495880547
8363,-0.1973,-83.54328425998392
8364,-0.40013334,-83.61150485301914
8365,-0.33216667,-83.74973963225784
8366,-0.40261668,-83.93803919876518
8367,0.0803954,-84.2375447901577
8368,-0.2992036,-84.43986171508732
8369,-0.79578334,-84.56229950512352
8370,-0.46952432,-84.37986770296993
8371,-0.33223712,-84.27991095210018
8372,0.0,-84.09726962471905
8373,0.0,-83.70600536490383
8374,0.0,-83.38937196160259
8375,0.049198754,-83.15513804579678
8376,-0.05540467,-83.13835318411293
8377,0.009362668,-83.12591569429787
8378,0.3184583,-83.09492857313307
8379,-0.15716666,-83.09492857313307
8380,0.04725069,-83.07996661240759
8381,2.0,-82.93825253123941
8382,-0.39246666,-82.93825253123941
8383,-0.5531153,-82.89812215442362
8384,-0.9443,-82.8997415589547
8385,-0.47598332,-82.98093228660582
8386,0.2679701,-82.9926059522113
8387,-0.19525446,-83.2281588443002
8388,0.87897336,-83.24956640753953
8389,1.1267557,-83.54754251394479
8390,-0.60885,-83.99468401227205
8391,0.83701473,-83.88974333707301
8392,-0.6156167,-83.90720546025841
8393,-1.1036701,-83.90779033683066
8394,-0.66555184,-83.73965558789496
8395,-0.54723155,-83.66614481441502
8396,-1.61165,-83.66614481441502
8397,-0.05462483,-83.56418634585862
8398,0.0,-83.51961151517753
8399,0.0,-83.50746409881685
8400,-0.15005244,-83.50514592400577
8401,0.6837446,-83.45001869446423
8402,-0.16171667,-83.45001869446423
8403,0.09596983,-83.43244899048295
8404,-0.084342144,-83.37748989819374
8405,0.51344484,-83.32425523160782
8406,0.047294516,-83.30964683911589
8407,-0.28215,-83.30964683911589
8408,0.5565943,-83.2168815749028
8409,1.2703444,-83.25286671317008
8410,0.6328792,-83.53275003827002
8411,0.1890719,-83.91786941683677
8412,0.13176107,-84.05940754509356
8413,-0.17533334,-84.18311364746478
8414,-0.17476666,-84.61400688982394
8415,-0.15178333,-84.98231403327372
8416,-0.15201667,-85.25589497185138
8417,0.076470405,-85.35662868416694
8418,-0.9666,-85.35662868416694
8419,-0.80760866,-85.30844041875389
8420,-0.2075846,-85.22413008830335
8421,-0.146378,-85.13581425121811
8422,-0.48794007,-85.12155043969688
8423,-0.17578334,-85.12155043969688
8424,-0.17303333,-85.12155043969688
8425,0.9680984,-85.04883938173589
8426,0.06805354,-85.03409390135494
8427,-0.17189462,-85.03377938554331
8428,-0.1784,-85.03377938554331
8429,-0.1697,-85.03377938554331
8430,0.4005415,-84.99753377497836
8431,0.21741341,-84.96611082092568
8432,0.06688741,-84.96433027314197
8433,-0.17396666,-85.06166592465888
8434,0.0039122403,-85.19603875504981
8435,-0.14903334,-85.57738483177673
8436,0.019266818,-85.99754688369285
8437,-0.15905638,-86.25007751809608
8438,0.20818388,-86.44992064165126
8439,-0.16421667,-86.81269248055469
8440,0.25370407,-87.03453818189155
8441,0.031170204,-87.13525464611303
8442,-0.79138815,-87.12368171142589
8443,-0.42674428,-87.04944809006702
8444,0.12622328,-86.94182607757102
8445,-0.34092873,-86.86693278925668
8446,-0.122576475,-86.8304890118743
8447,0.32955208,-86.79757937641989
8448,2.0,-86.65604837091814
8449,-0.15013333,-86.65604837091814
8450,-0.15506667,-86.65604837091814
8451,0.82176155,-86.59111045153986
8452,0.84314966,-86.52466856541287
8453,0.042797565,-86.51085080711346
8454,0.0027799606,-86.50052794294606
8455,0.0007786751,-86.48301291318785
8456,0.0006790161,-86.47281501388352
8457,-0.17658333,-86.58286175077956
8458,-0.11170256,-86.94121593183081
8459,-0.14865,-87.29165312593977
8460,-0.17138334,-87.465865924416
8461,-0.005002033,-87.67996199375193
8462,-0.16254441,-88.08348105793993
8463,0.8212142,-88.32944168096583
8464,0.04170084,-88.56857949441473
8465,-0.19843334,-88.69484965449374
8466,-0.9688,-88.69484965449374
8467,-1.5617334,-88.69484965449374
8468,-1.4817562,-88.69205397383485
8469,-1.51285,-88.69205397383485
8470,0.34651738,-88.62375085071835
8471,-0.05759549,-88.61584114113066
8472,-0.163,-88.61584114113066
8473,-0.15021667,-88.61584114113066
8474,-0.17491667,-88.61584114113066
8475,-0.17968333,-88.61584114113066
8476,-0.1845,-88.61584114113066
8477,-0.15251666,-88.61584114113066
8478,-0.0007916689,-88.6054037661961
8479,-0.28365,-88.6054037661961
8480,-0.17846666,-88.60857620711613
8481,-0.16898334,-88.63969737167645
8482,-0.14961667,-88.78180011983204
8483,0.20557961,-88.82878322030592
8484,0.58524764,-88.84182265184063
8485,-0.1788,-88.9305465050711
8486,0.42431659,-89.05891389928001
8487,-0.14993334,-89.17025020501751
8488,-0.17581667,-89.44498976848263
8489,-0.19998333,-89.45389633595187
8490,-0.77705294,-89.43017412505287
8491,-0.4450272,-89.36009723476309
8492,-0.4332136,-89.2896641173138
8493,1.8526652,-89.07080380401749
8494,-0.37484375,-89.0492147315963
8495,-0.16775,-89.0492147315963
8496,-0.15316667,-89.0492147315963
8497,-0.1693,-89.0492147315963
8498,-0.18103333,-89.0492147315963
8499,-0.1808,-89.0492147315963
8500,0.41713062,-89.01168174266058
8501,-0.15036666,-89.01168174266058
8502,0.53467107,-88.96478829129774
8503,-0.28548333,-88.96478829129774
8504,-0.17523333,-88.96478829129774
8505,-0.15178333,-89.02058783143002
8506,-0.15926667,-89.36314272849995
8507,-0.1785,-89.46508739113051
8508,0.07925191,-89.62644470452506
8509,-0.1665,-89.80678642510611
8510,-0.30143332,-90.20589200376708
8511,-0.21596667,-90.57953122972685
8512,-0.16998333,-90.63469606234867
8513,-0.17093334,-90.63735831568192
8514,-0.95606667,-90.63735831568192
8515,0.58368754,-90.49687571117829
8516,-0.7571879,-90.44441343138169
8517,0.123414874,-90.3362600509281
8518,-0.116604134,-90.29984299132775
8519,0.0,-90.2888114083762
8520,-0.1809,-90.2888114083762
8521,0.6874179,-90.23241299430083
8522,-0.1614,-90.23241299430083
8523,0.4112667,-90.19580391088675
8524,0.1088354,-90.1771379433776
8525,-0.15703,-90.17570664365485
8526,0.28565305,-90.14507844675973
8527,0.019480065,-90.10861167688563
8528,-0.1482994,-90.1078283967654
8529,-0.1781,-90.18167111596267
8530,-0.17836666,-90.29607728442352
8531,-0.16988334,-90.43843514045875
8532,-0.15083334,-90.55126729181211
8533,-0.16371667,-91.00252127221029
8534,0.4187244,-91.28159448078077
8535,-0.18093824,-91.64710983207624
8536,-0.16283333,-91.83478559127252
8537,-0.17085,-91.93447868099611
8538,-0.049734496,-91.81500563344161
8539,0.011213325,-91.71354627182882
8540,-0.4158418,-91.64141307344835
8541,-0.52246004,-91.57819798162382
8542,-0.57006705,-91.57084975617181
8543,-0.18098333,-91.57084975617181
8544,0.58469725,-91.52101551966916
8545,-0.16675,-91.52101551966916
8546,-0.15268333,-91.52101551966916
8547,-0.17181666,-91.52101551966916
8548,-0.18351667,-91.52101551966916
8549,-0.18098333,-91.52101551966916
8550,-0.1622,-91.52101551966916
8551,-0.26118332,-91.52101551966916
8552,-0.17995,-91.52101551966916
8553,-0.17958333,-91.52713538326498
8554,-0.14720498,-91.56299399204727
8555,0.1148774,-91.5485469931009
8556,-0.16191667,-91.69644690390851
8557,0.3748998,-91.68508389119233
8558,-0.012815565,-91.73496297646489
8559,-0.1651,-91.79218048501934
8560,0.4493427,-91.75714031506504
8561,-0.54251665,-91.76560354318644
8562,-0.7747095,-91.64966699566867
8563,-1.0113302,-91.60351029869344
8564,1.0783142,-91.42494354482915
8565,0.3409971,-91.2921411627176
8566,0.32060647,-91.22252357836987
8567,-0.17441666,-91.22252357836987
8568,0.2544697,-91.195743380973
8569,0.9501214,-91.1237089921924
8570,1.5147957,-91.01364585656847
8571,-0.1785,-91.01364585656847
8572,-0.17948334,-91.01364585656847
8573,0.34333652,-90.97437698293652
8574,0.09113249,-90.95150137219753
8575,0.58514166,-90.839837077001
8576,0.029897213,-90.80146504465665
8577,0.0021348,-90.76675765115942
8578,0.000746727,-90.73223348234023
8579,0.00067710876,-90.70765463534917
8580,0.0006737709,-90.6830761012825
8581,0.0006737709,-90.65849756721582
8582,-0.2608,-90.65849756721582
8583,-0.2608,-90.65849756721582
8584,-0.2608,-90.65849756721582
8585,-0.2608,-90.65849756721582
8586,-0.2608,-90.65849756721582
8587,-0.2608,-90.65849756721582
8588,-0.2608,-90.65849756721582
8589,-0.2608,-90.65849756721582
8590,-0.2608,-90.65849756721582
8591,-0.2608,-90.65849756721582
8592,0.029001743,-90.63966045428242
8593,-0.2608,-90.63966045428242
8594,-0.2608,-90.63966045428242
8595,-0.2608,-90.63966045428242
8596,-0.2608,-90.63966045428242
8597,0.78211963,-90.57187068361964
8598,-0.40441668,-90.57187068361964
8599,-0.75725,-90.57187068361964
8600,-0.99418336,-90.57187068361964
8601,-0.07313964,-90.5349822332355
8602,-0.35132295,-90.5041129169258
8603,-0.03244517,-90.49414387524303
8604,-0.076924875,-90.52231335260149
8605,0.4658013,-90.51235861696478
8606,-0.33796668,-90.65303289510484
8607,-0.11837227,-90.7589774615335
8608,0.0,-90.81445845581766
8609,0.0,-90.90798436470504
8610,0.29486883,-90.8424447215366
8611,-0.14965478,-90.81371395096357
8612,-0.12131403,-90.7902227788436
8613,0.101864696,-90.75721048928972
8614,-0.09613146,-90.75041353415872
8615,0.0,-90.73901361778553
